-0.00369
0.00431
-0.00469
-0.00277
-0.00449
0.00271
-0.00022
-0.00517
-0.00096
0.00038
0.00165
-0.00235
-0.00049
0.00191
-0.00235
9E-05
0.00645
-0.00316
-0.00049
-0.00369
0.00196
-0.00334
-0.00197
-0.00635
-0.00235
-0.00155
0.00016
0.00084
0.00485
-0.00369
0.00085
-0.00422
-0.00022
5E-05
0.00111
0.00111
0.00271
-0.00155
-0.00022
0.00416
-0.00049
-0.00449
0.00431
0.00218
-0.00049
0.00058
0.00111
0.00231
-0.00129
-0.00235
-0.00316
0.00536
-0.00267
-0.00373
0.00058
-0.00235
0.00084
-0.00262
-0.00129
-0.00129
-0.00472
-0.00316
0.00271
-0.00155
0.00237
-0.00022
0.00165
-0.00102
0.00324
-0.00129
-0.00262
0.00085
0.00111
-0.00369
-0.00129
-0.00129
-0.00342
-0.00049
-0.00314
0.00218
0.00165
-0.00477
-0.00118
0.00191
-0.00262
-0.00557
0.00538
-0.00037
0.00218
0.00218
-0.00051
-0.00357
-0.00155
-0.00235
-0.00316
-0.00555
-0.00064
-0.00342
0.00165
0.00191
-0.00617
-0.00049
-0.00049
-0.00171
-0.00235
5E-05
-0.00209
-0.00049
-0.00049
0.0091
0.00218
0.00084
-0.00849
-0.00317
-0.00555
0.00111
0.00085
-0.0028
0.00378
-0.00475
-0.00025
0.00724
0.00205
-0.00014
-0.00102
-0.00144
0.00485
-0.00262
-0.00342
-0.00129
0.00431
0.00111
-0.00342
0.00393
0.00015
-0.00478
0.00058
0.00724
-0.00129
-0.00144
-0.00022
-0.00305
-0.00249
-0.00156
-0.00155
0.00058
-0.00662
-0.00689
-0.00235
0.00172
-0.00316
0.00218
-0.00102
-0.00582
-0.00172
0.00308
-0.00126
0.00405
0.00271
-0.00316
-0.00316
0.00122
-0.00582
-0.0015
0.00085
-0.00204
0.00298
-0.00529
-0.00024
0.00218
0.00068
-0.00155
0.0011
0.00059
0.00191
-0.00038
0.00084
0.00324
-0.00092
0.00271
-0.0015
-0.00635
0.00191
0.00084
0.00191
0.00016
-0.00104
0.00111
0.00103
-0.00475
-0.00049
0.00485
-0.00334
0.00298
-0.00441
-0.00635
-0.00316
0.00229
0.00165
0
0.00084
0.00189
-0.00196
5E-05
-0.00262
-0.01062
-0.00102
0.00378
-0.00049
0.00284
-0.00827
0.00511
-0.00129
-0.00038
0.00244
0.00485
0.00218
0.00165
-0.00342
-0.00235
-0.00129
0.00218
0.00324
-0.00209
-0.00262
-0.0029
-0.00288
0.00165
-0.00557
-0.0033
5E-05
0.00251
-0.00237
0.00333
-0.00262
0.00247
0.00084
0.00084
-0.00102
-0.00235
-0.00424
-0.00635
-0.00262
-0.00225
-0.00051
-0.00235
-0.00129
-0.00742
-0.00235
-0.00475
0.00111
-0.00096
-0.00262
-0.00475
0.00165
-0.00662
0.00191
-0.00235
0.00111
0.00431
-0.00155
-0.00304
-0.00422
0.00058
0.00202
0.00298
-0.00211
0.00423
0.00173
-0.00156
0.00378
-0.00422
-0.00662
-0.00129
0.00191
0.00111
4E-05
0.00122
-0.00209
0.00271
-0.00156
0.00202
0.00058
4E-05
-0.00316
4E-05
-0.00262
0.00058
-0.00491
-0.00582
-0.00129
-0.00022
0.00084
-0.00022
0.00111
-0.00422
0.00218
-0.00156
0.00484
-0.00157
-0.00449
-0.00022
-0.00129
3E-05
0.00218
-0.00049
0.00271
-0.00129
0.00058
-0.00237
-0.00316
0.00218
-0.00424
0.00298
0.00111
0.00058
-0.00156
0.00528
-0.00342
-0.00476
-0.00123
-0.00129
4E-05
0.00324
-0.00156
-0.00156
-0.00049
-0.00155
0.00404
-0.00209
-0.00102
-0.00529
-0.00689
0.00484
-0.00022
-0.00138
0.00511
-0.00449
0.00618
-0.00102
5E-05
-0.00102
-0.00174
-0.00049
0.00195
0.00298
-0.00156
0.00191
-0.0031
-0.00102
0.00018
0.00111
-0.00156
0.00282
0.00191
0.00618
0.00191
0.00431
-0.00102
-0.00464
-0.00262
0.00378
-0.00049
0.00405
0.00084
-0.00421
-0.00188
0.00245
0.00218
4E-05
-0.00156
0.00378
0.00218
0.00202
0.00191
5E-05
0.00216
-0.00092
-0.00049
0.00484
0.00165
0.00298
-0.00022
-0.004
0.00092
-0.00683
-0.00102
-0.00144
-0.00636
0.00164
-0.0011
-0.00235
0.00111
-0.00529
-0.00422
0.00385
-0.00342
-0.00156
-0.00022
-0.00476
-0.00102
-0.00225
-0.00102
-0.00102
-0.00284
0.00058
0.00084
-0.00342
-0.00022
0.00591
0.00084
-0.00636
-0.0014
-0.00422
0.00484
-0.00369
-0.00316
-0.00129
0.00191
0.00111
-0.00209
0.00178
-0.00449
-0.00431
-0.00264
-0.00449
0.00191
-0.00236
0.00538
0.00218
0.00218
0.00165
-0.00156
0.00084
0.00058
-0.00342
0.00163
-0.00342
-0.00209
-0.00369
0.00349
0.00305
0.0049
-0.00022
0.00218
0.00404
0.00384
0.00058
0.00111
-0.00374
-0.00582
-0.00369
-0.00449
-0.00022
-0.00449
-0.00529
-0.00148
0.0013
-0.00476
0.00278
-0.00095
-0.00369
0.00191
0.00191
-0.00235
-0.00316
-0.00249
-0.00529
-0.00049
0.00058
-0.00342
-0.00556
0.00165
0.00149
-0.00311
-0.00209
-0.00104
-0.00316
-0.00049
-0.00022
0.00484
0.00308
-0.00636
-0.00171
0.00324
0.00378
-0.00497
4E-05
-0.00369
-0.00235
-0.00236
-0.00235
-0.00102
-0.00316
-0.00209
-0.00049
0.00484
0.00831
-0.00662
-0.00582
0.00182
4E-05
0.00142
-0.00049
0.00271
-0.00022
0.00298
0.00218
0.00111
0.00511
0.00222
0.00111
-0.00156
4E-05
-0.00582
0.00484
0.00084
-0.0013
-0.00209
-0.00224
-0.00102
-0.00369
0.00228
-0.00357
-0.00293
-0.00129
-0.00242
-0.00556
-0.00102
-0.00316
0.00111
-0.00262
0.00191
-0.00129
-0.00049
-0.00049
-0.00102
0.00298
-0.00209
0.00218
-0.00576
-0.00171
0.0021
-0.00369
0.0065
-0.00289
0.00198
0.00111
-0.00262
-0.00049
-0.00236
0.00218
0.00084
0.00243
-0.00049
-0.00529
4E-05
0.00123
-0.00288
-0.00156
-0.00556
0.00378
0.00084
-0.00342
0.00324
0.00058
0.00271
0.00538
-0.00422
-0.00369
-0.00237
0.00298
0.00015
0.00416
0.00111
-0.00636
-0.00156
-0.00049
-0.00022
0.00084
0.00176
-0.00419
0.00084
-0.00363
-0.00053
-0.0037
0.00199
-0.00048
0.00058
-0.00342
-0.0033
0.00111
0.00324
-0.00259
0.00191
-0.00177
0.00403
-0.00094
0.00618
-0.00316
0.00248
-0.00262
0.00378
0.00271
-0.00476
-0.00022
-0.00209
0.00084
0.00256
-0.00098
4E-05
-0.00144
-0.00038
0.00058
-0.00262
-0.00236
0.00084
0.00084
-0.00102
-0.00422
-0.00049
-0.00129
0.00271
-0.0011
-0.00102
-0.00209
0.00538
0.00271
0.00538
-0.00156
-0.00444
0.00271
-0.00224
0.00283
-0.00022
4E-05
0.0023
0.00014
0.0018
-0.00181
-0.00031
-0.00129
-0.00236
-0.00316
-0.00662
0.00644
-0.00144
0.00389
0.00058
-0.00316
0.00378
0.00084
0.00298
0.00324
4E-05
-0.00147
0.00033
0.00404
-0.00211
0.00164
-0.00236
0.00084
0.00511
0.00225
-0.00422
-0.00049
-0.00209
-0.00156
-0.00022
-0.00129
-0.00681
0.00191
-0.00102
-0.00209
0.00165
-0.00102
-0.00236
-0.00236
0.00069
0.00152
-0.00262
-0.00102
0.0065
0.00378
0.00171
-0.00256
-0.00316
-0.00155
0.00084
-0.00102
-0.00556
0.00111
0.00263
-0.00147
-0.00156
0.00236
-0.00129
0.00164
-0.00129
4E-05
0.00271
-0.00023
-0.00049
0.00484
0.00218
0.00195
0.00308
-0.00422
0.00216
0.00431
0.00324
-0.00156
-0.00363
0.00191
0.00084
-0.00064
-0.00209
0.00142
4E-05
0.00484
-0.00095
0.00058
-0.00449
-0.00449
0.00016
-0.00124
-0.00236
0.00218
-0.00476
0.00271
-0.00476
-0.00129
-0.00209
0.00304
-0.00095
-0.00236
0.00324
-0.00479
-0.00156
-0.00316
0.00271
0.00045
0.00084
-0.00236
-0.00316
-0.00524
-0.00023
0.00068
0.00484
-0.00411
-0.00022
-0.00662
-0.00209
-0.00129
-0.00149
-0.00209
-0.00556
-0.00304
-0.00129
4E-05
0.00164
0.00111
-0.00022
0.00111
-0.00038
-0.00476
-0.00049
0.00271
-0.00449
-0.00019
-0.00342
0.00218
-0.00209
-0.00476
-0.00209
-0.00236
-0.00369
0.00164
-0.0012
-0.00129
-0.00209
0.00218
-0.00476
0.00591
0.0019
0.00324
0.00404
-0.00048
0.00218
-0.00102
-0.00264
0.00164
-0.00232
0.00229
0.00378
0.00404
-0.00119
-0.00129
-0.00209
0.00324
0.00032
-0.00529
0.00271
-0.00156
-0.005
0.00324
0.00172
0.00202
0.00189
-0.00262
-0.00316
-0.00209
-0.00369
-0.00129
0.00472
-0.00236
-0.00529
-0.00102
-0.00129
-0.00369
-0.00681
-0.00262
-0.00129
0.00191
0.00218
0.00111
-0.00209
-0.00341
-0.00271
-0.00049
-0.00042
-0.00331
-0.00342
-0.00209
0.00212
-0.00102
-0.00049
-0.00209
-0.00049
-0.00257
0.00191
-0.00422
-0.00317
-0.00049
4E-05
-0.00556
-0.00582
-0.00056
0.00111
-0.00316
-0.00342
0.00111
0.00191
0.00324
0.00164
0.00085
0.00271
-0.00342
0.00191
0.00084
-0.00236
-0.00529
-0.00316
-0.00369
-0.00262
4E-05
-0.00262
-0.00236
-0.00342
-0.00556
0.00087
-0.00304
-0.00209
0.00058
0.0008
-0.00129
-0.00032
-0.00209
-0.00076
0.00203
-0.00404
4E-05
0.00378
0.00083
-0.00476
-0.00636
-0.00021
-0.00049
-0.00316
-0.00209
-0.00156
-0.00342
-0.00076
-0.00129
-0.00256
0.0021
-0.00342
-0.00316
-0.00147
0.00335
-0.00102
0.00164
-0.00449
-0.00022
-0.00689
-0.00022
-0.00102
-0.00636
-0.00082
-0.00689
-0.00091
-0.00147
0.00521
-0.00529
-0.00237
-0.00316
-0.00229
-0.00249
-0.00262
-0.00236
0.00189
0.00404
-0.0032
-0.00102
-0.00156
-0.00369
0.00271
-0.00209
0.00484
-0.00262
-0.00342
-0.00129
-0.00769
-0.00251
-0.00209
4E-05
-0.00262
-0.00049
-0.00091
-0.00236
-0.00236
-0.00129
-0.00209
-0.00102
-0.00156
5E-05
-0.00049
-0.00769
-0.00236
-0.00236
4E-05
0.00271
-0.00582
0.00111
0.00218
-0.00156
-0.00049
-0.00022
0.00059
0.00132
-0.00422
0.00235
0.00768
-0.00476
0.00378
-0.00022
-0.00129
0.00271
-0.00129
-0.00302
-0.00209
-0.00209
0.00058
-0.00769
-0.00304
-0.00129
0.00058
-0.00556
-0.00209
0.00218
-0.00102
-0.00254
-0.00156
0.00338
-0.00236
-0.00129
-0.00422
-0.00236
0.00218
-0.00442
-0.00049
-0.00262
-0.00022
-0.00742
-3E-05
-0.00342
0.00176
-0.00262
-0.00422
-0.00582
0.00018
-0.00022
-0.00049
-0.00129
0.00013
-0.00742
0.00305
-0.00529
0.00284
-0.00316
-0.00449
-0.0033
0.00724
-0.00049
0.00538
-0.00422
4E-05
-0.00049
0.00271
-0.00122
-5E-05
0.00095
-0.00369
-0.00209
-0.00316
-0.00209
-0.00262
-0.00262
-0.00156
-0.00236
-0.00342
-0.00422
0.0016
-0.00316
-0.00156
-0.00236
-0.00369
0.00484
0.00576
-0.00811
-0.00422
-0.00449
0.00222
-0.00408
-0.00156
0.00294
-0.00262
-0.00342
0.00166
-0.00236
-0.00316
-0.00102
0.00164
-0.00476
-0.00262
0.00084
-0.00235
-0.00307
-0.00102
-0.00316
-0.00209
0.00084
-0.00156
0.00058
0.00271
-0.00236
0.00167
-0.00316
-0.00313
0.00191
-0.00209
-0.00264
0.00338
-0.00049
-0.00342
0.00111
-0.00155
-0.00757
-0.00237
0.00177
0.00538
-0.00236
-0.00022
0.00358
-0.00064
-0.00209
-0.00022
0.00117
-0.00049
-0.00155
-0.00155
-0.00022
-0.00555
0.00084
5E-05
0.00323
0.00111
-0.00262
-0.00087
-0.00475
-0.00501
-0.00102
-0.00122
-0.00016
-0.00209
-0.00235
-0.00102
-0.00582
-0.0047
-0.00235
0.00191
0.00471
0.00218
5E-05
-0.00102
-0.00257
-0.00155
0.00148
0.00271
0.00298
0.00938
-0.00129
0.00431
-0.00211
0.00277
-0.00049
-0.00155
-0.00196
-0.00167
0.00324
0.00191
0.00411
-0.00084
0.00058
-0.00227
-0.00262
-0.00129
0.00191
-0.00049
-0.00209
0.00218
-0.00102
-0.0014
0.00549
-0.00689
-0.00022
0.0017
-0.00656
-0.00102
0.00164
5E-05
0.00337
-0.00198
-0.00155
-0.0055
-0.00235
0.00084
0.00122
-0.00155
-0.00529
-0.00102
0.00485
0.00084
-0.00392
-0.00282
-0.00277
0.00218
0.00378
0.00111
0.00271
-0.00175
0.00085
-0.00235
-0.00315
0.00064
-0.00742
-0.00369
0.00324
-0.00523
0.00165
0.00336
-0.00262
0.00189
-0.00117
0.00191
-0.00555
0.00016
0.00111
-0.00475
-0.00475
0.00084
0.00339
0.00511
0.00218
-0.00251
0.00111
0.00385
-0.00256
-0.00475
-0.00022
-0.00022
-0.00022
0.00084
0.00111
5E-05
0.00271
0.00324
0.00058
-0.00022
-0.01302
5E-05
-0.00235
-0.00095
-0.0018
0.00085
-0.00475
0.00191
0.00084
-0.00155
0.00309
-0.00097
-0.01058
-0.00049
-0.00422
-0.00316
-0.00043
-0.00262
0.00084
0.00191
-0.00129
-0.00625
-0.00102
-0.00209
-0.00155
-0.00155
-0.00049
0.0031
-0.00301
-0.00735
0.0001
0.00171
0.00511
5E-05
0.00403
0.00058
-0.00236
-0.00209
0.00084
0.00073
-0.00556
0.00218
-0.00049
0.00165
0.00191
-0.0022
-0.00342
-0.00129
0.00431
0.00069
-0.00156
-0.00209
-0.00129
-0.00155
-0.00262
-0.00342
-0.00011
-0.00209
0.00271
-0.00209
0.00698
0.00111
0.00378
0.00298
0.00043
0.00217
0.00218
5E-05
-0.00049
0.00087
-0.00287
0.00298
-0.00046
-0.00022
-0.00144
-0.00422
-0.00475
-0.00209
0.00165
0.00058
0.00018
-0.00235
-0.00211
-0.00235
-0.00102
0.00431
-0.00475
-0.00262
-0.0013
0.00277
-0.00118
-0.00129
-0.00449
0.00431
-0.00784
-0.00475
0.00069
-0.00577
-0.00262
0.00511
0.00522
-0.00177
0.00431
0.00389
0.00087
-0.00049
-0.00049
0.00271
0.00217
-0.00327
-0.00277
-0.00416
0.00165
0.00538
0.00117
0.00058
-0.00022
0.00182
-0.00022
0.00271
-0.00209
0.00117
0.00773
0.00384
0.00058
-0.00262
0.00091
0.00298
-0.00209
-0.0013
-0.00315
0.00645
-0.00262
-0.00369
-0.00342
0.00405
-0.00507
-0.00369
-0.00164
0.00538
5E-05
0.00591
-0.00091
-0.00369
-0.00235
-0.00129
-0.00235
-0.00102
0.00073
-0.00396
0.00218
-0.00475
0.00271
-0.00129
0.00085
0.00363
-0.00209
-0.00315
0.00325
-0.00049
0.00485
0.00058
0.00405
5E-05
0.00325
-0.00422
0.00661
-0.00235
-0.00573
0.00093
0.00165
-0.00277
-0.00129
-0.00209
0.00218
0.00218
-8E-05
-0.00795
-0.00049
0.00165
0.00085
-0.00342
0.00191
0.0005
0.00218
0.00191
0.00271
-0.00262
-0.00129
5E-05
-0.00129
-0.00049
5E-05
-0.00209
-0.00315
-0.00022
-0.00049
-0.00369
-0.00022
-0.00538
0.00069
0.0004
-0.00102
-0.00049
-0.00209
-0.00155
-0.00064
-0.00049
-0.00342
-0.00235
0.00218
0.00111
-0.00049
0.00218
-0.00369
-0.00555
0.00058
-0.00022
0.00298
-0.00209
0.00325
5E-05
0.0019
-0.00262
-0.00022
0.00485
-0.00394
0.00085
0.00325
-0.00093
-0.00049
-0.00102
-0.00022
-0.00049
-0.00555
-0.00209
0.00085
0.00269
0.00325
-0.00262
0.00165
-0.00369
-0.00662
0.0001
0.00085
-0.00422
5E-05
0.00165
0.00085
-0.00049
0.00218
-0.00155
-0.00342
-0.00449
5E-05
-0.00102
-0.00064
0.00218
0.00229
-0.00155
-0.00369
-0.00662
-0.00449
-0.00022
0.00325
0.00325
0.00751
0.00705
0.00096
-0.00022
-0.00262
0.00085
-0.00102
-0.00209
-0.00369
-0.00102
-0.00795
-0.00155
-0.00049
-0.00342
-0.00129
0.0013
-0.00317
-0.00262
-0.00955
-0.00155
-0.00262
0.00405
-0.00315
-0.00662
0.00085
-0.00209
0.00538
0.00111
-0.00582
-0.00212
-0.00449
-0.00555
0.00191
0.00325
-0.00102
0.00163
-0.00102
-0.00582
-0.00049
0.00165
-0.00277
-0.00118
-0.00342
-0.00102
-0.00049
-0.00209
-0.00422
0.00271
0.00271
0.00085
-0.00237
-0.00102
-0.00422
0.00511
0.00538
-0.00049
0.00378
-0.00262
-0.00342
0.00405
-0.00315
0.00218
-0.00422
0.00165
-0.00118
-0.00022
-4E-05
-0.00235
-0.00155
0.00431
-0.00342
-0.00529
0.00058
0.00325
-0.00049
0.00043
0.00165
-0.00342
0.00085
-0.00422
0.00216
-0.00315
-0.00369
-0.00049
0.00165
-0.00129
-0.00022
0.00405
-0.00209
5E-05
0.00303
0.00058
0.00378
-0.00155
0.00048
0.00405
-0.00025
-0.00102
-0.00689
-0.00155
5E-05
-0.00102
-0.00769
-0.00769
-0.00022
-0.00265
5E-05
-0.00689
-0.00251
0.00165
-0.00464
0.00016
-0.00022
-0.00875
-0.00449
0.00017
-0.00529
-0.00422
0.00271
0.00058
0.00485
0.00298
-0.00315
-0.00129
-0.00144
0.00431
0.00271
-0.00022
-0.0001
-0.00465
0.00378
0.00511
-0.00331
-0.00144
0.00218
-0.00851
0.00271
-0.00475
0.00805
-0.00555
-0.00235
-0.00529
0.00298
0.00218
-0.00209
-0.00475
-0.00147
0.00271
-0.00235
-0.00022
-0.00102
-0.00529
-0.00022
0.00538
0.00129
-0.00503
-0.00369
-0.00662
-0.00168
-0.00167
0.00156
0.00218
0.0002
-0.00468
-0.00529
0.00405
0.00165
-0.00129
-0.00235
-0.00635
-0.00209
0.00111
-0.00475
0.00249
0.00191
0.00204
-0.00262
-0.00555
-0.00209
5E-05
-0.00102
-0.00369
-0.00155
-0.00235
0.00271
-0.00662
0.00725
-0.00529
-0.00209
0.00111
-0.00049
0.00175
-0.00129
-0.00342
-0.00529
-0.00369
0.00725
5E-05
-0.00102
0.00271
-0.00262
-0.00022
0.00271
-0.00171
0.00218
0.00085
0.00431
0.00218
-0.0029
0.00165
-0.00155
-0.00121
-0.00022
-0.00209
-0.00262
-0.00316
0.00058
0.00085
0.00191
-0.00049
-0.00235
0.00111
5E-05
0.00831
-0.00209
0.00271
-0.00529
-0.00049
-0.00342
0.00298
0.00085
-0.00475
-0.00102
-0.00315
-0.00049
0.00378
-0.00475
0.00416
-0.00849
-0.00129
-0.00315
-0.00209
0.00191
-0.00315
0.00058
-0.00369
-0.00155
0.00069
-0.00769
-0.00315
-0.00342
0.00218
0.00538
0.00378
0.00165
-0.00475
-0.00342
-0.00129
5E-05
5E-05
0.00283
-0.00049
-0.00049
-0.00073
0.00056
0.00084
0.00191
-0.00129
0.00111
-0.00635
0.00111
0.00058
-0.00449
0.00378
-0.00197
0.00085
-0.0014
-0.00529
0.00218
0.00218
-0.00283
-0.00157
0.00191
-0.00094
-0.00315
-0.00342
0.00485
-0.00102
-0.00227
0.00123
-0.00049
-0.00369
-0.00449
-0.00022
5E-05
0.00069
-0.00022
-0.00102
0.00058
-0.00049
-0.00155
-0.00342
-0.00022
-0.00022
5E-05
0.00058
-0.00316
-0.00529
0.00058
0.00378
-0.00129
-0.00342
-0.00034
0.00191
-0.00635
-0.00571
-0.00049
-0.00155
-0.00129
-0.00555
-0.00262
-0.00209
0.00325
-0.00129
0.00111
-0.00262
0.00165
-0.00045
-0.00262
-0.00102
-0.0003
-0.00022
-0.00422
-0.00049
0.00015
0.00123
-0.00342
-0.00262
0.00511
-0.00315
0.00615
-0.00209
0.00218
-0.00262
-0.00498
-0.00262
-0.00011
-0.0004
0.00085
-0.00209
-0.00315
5E-05
0.00058
-0.00197
0.00165
-0.00449
0.00511
0.00645
0.00324
-0.00529
-0.00155
-0.00064
-0.00155
-0.00262
0.00085
-0.00063
-0.00411
0.00058
0.00298
-0.00422
-0.00369
-0.00102
-0.00342
0.00405
-0.00315
-0.00155
-0.00102
-0.00529
0.00056
0.00165
-0.00369
0.00363
-0.00225
0.00085
0.00218
0.00218
-0.00422
-0.00555
-0.00049
-0.00449
0.00058
-0.00342
-0.00251
0.00191
0.00538
-0.00209
0.00336
-0.00022
0.00431
-0.00049
-0.00449
0.00324
-0.00209
-0.00262
-0.00102
-0.00342
-0.00049
0.00271
0.00058
-0.00129
0.00191
-0.00144
0.00084
-0.00956
-0.00197
-0.00156
-0.00262
-0.00449
-0.00022
-0.00662
-0.00742
0.00218
0.00027
-0.00262
0.00058
-0.00315
-0.00129
0.00165
-0.00449
0.00644
0.00085
-0.00217
0.00111
0.00165
0.00223
5E-05
-0.00209
0.00084
-0.00209
-0.00662
0.00271
-0.00556
0.00229
0.00165
0.00111
0.00084
-0.00769
0.00191
-0.00209
-0.00049
-0.00104
0.00111
-0.00475
-0.00102
-0.00209
0.00191
0.00405
0.00083
-0.00102
-0.00689
0.00058
-0.00449
-0.00049
-0.00411
-0.00213
0.00083
5E-05
-0.00102
0.0034
0.00591
0.00484
0.00405
0.00165
0.00085
0.00218
-0.00102
0.00095
-0.00369
0.00389
-0.00049
-0.00049
-0.00342
-0.00342
0.00218
-0.00091
0.00084
0.00538
-0.00795
-0.00049
0.00056
-0.00449
-0.00576
0.00152
-0.00102
-0.00209
-0.00049
0.00218
0.00483
-0.00449
0.00405
-0.00384
-0.00102
-0.00049
5E-05
-0.00084
-0.00235
-0.00235
0.00538
0.00016
-0.00183
0.00271
0.00176
-0.00102
0.00165
-0.00316
-0.00155
-0.00156
0.00191
0.00298
-0.00449
0.0023
-0.00635
0.00058
0.00111
-0.00475
0.00271
-0.00742
0.00405
0.00111
-0.00251
5E-05
-0.00155
-0.01009
0.00405
0.00191
-0.00342
-0.00769
-0.00099
-0.00102
0.00335
-0.00475
0.00058
-0.00235
-0.00582
-0.00342
0.00294
-0.00209
-0.00662
-0.00357
0.00281
5E-05
-0.00129
0.00165
-0.00022
-0.00102
-0.00342
-0.00422
0.00538
0.0017
0.00058
-0.00356
0.00378
-0.00129
0.00298
-0.00102
-0.00235
-0.00037
0.00165
-0.00475
0.00484
-0.00422
-0.00129
-0.00235
0.00084
-0.00209
0.00111
-0.00209
-0.00049
-0.00262
0.00169
0.00111
-0.00104
0.00405
-0.00022
-0.00475
0.00218
-0.00262
0.00191
-0.00022
0.00298
-0.00209
-0.00342
0.00165
0.00058
-0.00319
0.00218
-0.00315
-0.00449
-0.00156
0.00191
-0.00235
0.00111
0.00165
3E-05
-0.00635
-0.00022
-0.00129
0.00484
0.00085
-0.00049
0.00431
-0.00315
-0.00316
0.00165
-0.00476
-0.00475
0.00191
0.00084
-0.00154
-0.00102
0.00218
0.00378
-0.00129
-0.00476
-0.00491
-0.00141
0.00084
-0.00556
-0.00422
-0.00156
0.00017
-0.00155
-0.00677
0.00165
-0.00129
0.00298
-0.00449
0.00111
0.00271
-0.00262
-0.00102
-0.00235
-0.00209
0.00084
-0.00342
-0.00155
-0.00209
-0.00102
-0.00209
0.00165
-0.00369
-0.00155
0.00191
0.00298
-0.00235
-0.00209
0.00218
-0.00262
-0.00209
0.00484
-0.00262
-0.00556
-0.00342
-0.00235
-0.00316
-0.00144
0.00218
0.00058
-0.00155
-0.00369
0.00084
-0.00129
0.00084
3E-05
0.00111
-0.00516
-0.00049
-0.00262
-0.00049
-0.00022
0.00405
0.00156
0.00111
-0.00316
0.00084
-0.00262
-0.00129
-0.00235
0.00298
-0.00049
0.00378
-0.00102
0.00165
0.00589
-0.00555
0.00058
-0.00102
-0.00091
-0.00022
-0.00277
0.00111
-0.00262
-0.00017
0.00058
-0.00157
-0.00529
0.00191
-0.00384
-0.00102
-0.00316
0.00191
-0.00049
0.00111
0.00591
-0.00022
-0.00262
-0.00235
-0.00422
-0.00342
0.00218
-0.00221
-0.00049
-0.00262
0.00165
0.00111
0.00405
-0.00235
5E-05
5E-05
0.00271
-0.00517
-0.00155
-0.00556
-0.00344
0.00084
-0.00209
-0.00235
0.00405
-0.00369
5E-05
0.00085
-0.00503
-0.00156
0.00084
0.00084
0.00429
-0.00529
-0.00102
-0.00262
-0.00304
-0.00022
-0.00155
-0.00022
0.00084
-0.00448
0.00431
-0.00102
0.00165
-0.00038
-0.00235
-0.00354
-0.00635
-0.00262
-0.00102
0.00378
0.00111
0.00191
-0.00156
-0.00369
-0.00875
0.00191
-0.00102
0.00538
0.00538
-0.00049
0.00165
0.00405
0.00274
-0.00556
-0.00315
-0.00315
-0.00235
-0.00155
0.00115
-0.00262
0.00484
-0.00342
-0.00449
-0.00155
-0.00209
-0.00102
0.00084
0.00324
0.00058
0.00165
-0.00224
-0.00346
0.00298
-0.00315
-0.00209
-0.00304
5E-05
0.00378
0.00058
-0.00049
-0.00022
0.00405
-0.00635
-0.00555
-0.00037
-0.00262
0.00324
0.00549
-0.00262
-0.00235
0.00085
-0.00449
-0.0013
-0.00369
-0.00102
-0.00689
0.00058
-0.00555
-0.00129
0.00405
-0.00102
-0.00742
-0.00102
0.00165
-0.00582
-0.00369
-0.00235
-0.00119
0.00431
-0.00129
-0.00209
-0.00209
-0.00262
-0.00156
-0.00982
-0.00262
-0.00635
0.00084
0.00444
-0.00102
0.00165
-0.00529
-0.00129
-0.00049
-0.00038
0.00298
0.00189
-0.00129
0.00111
0.00111
-0.00155
-0.00422
-0.00262
0.00064
-0.00129
-0.00049
-0.00129
-7E-05
-0.00038
0.00165
0.00065
0.00191
-0.00209
0.00191
-0.00342
-0.00211
-0.00422
0.00751
-0.00262
-0.00073
0.00549
-0.00584
-0.00342
0.00405
-0.00316
-0.00129
5E-05
0.00058
-0.00049
-0.00357
-0.00689
0.00043
-0.00116
0.00111
5E-05
0.00111
-0.00689
0.00058
0.00484
0.00405
-0.00022
-0.00315
0.00191
-0.00422
-0.00342
5E-05
-0.00049
-0.00557
0.00191
-0.00342
-0.00635
-0.00315
-0.00176
-0.00049
5E-05
-0.00369
-0.00129
-0.00555
-0.00238
-0.00315
-0.00091
0.00538
0.00165
-0.00369
-0.00529
-0.00049
-0.00022
0.0019
-0.00635
5E-05
0.00296
0.00538
0.00165
0.00058
-0.00022
-0.00342
0.00378
-0.00011
0.00085
-0.00742
-0.00211
0.00276
-0.00262
-0.00049
-0.00262
0.00043
-0.00022
0.00191
-0.00422
-0.00837
-0.00448
-0.00422
-0.00049
0.00165
-0.00235
-0.00156
-0.00297
5E-05
0.00218
-0.00316
0.00271
-0.00251
0.00085
5E-05
0.00698
0.00111
0.00191
0.00431
-0.00475
-0.00155
-0.00049
-0.00129
0.00191
-0.00597
-0.00342
-0.00635
-0.00742
-0.00369
0.00271
-0.00102
0.00085
-0.00422
-0.00319
-0.00449
0.00202
5E-05
-0.00422
-0.00369
-0.00129
-0.00369
-0.00129
-0.00315
-0.00049
0.00405
5E-05
0.00538
0.00058
-0.00049
0.00378
0.00298
-0.00235
-0.00102
-0.00129
-0.00689
-0.00262
0.00111
5E-05
0.00058
-0.00342
-0.00235
0.00085
-0.00635
0.00058
-0.00102
0.00182
0.00123
5E-05
-0.00129
0.00298
-0.00235
-0.00209
5E-05
-0.00102
0.00271
-0.00264
0.00271
-0.00344
-0.00022
-0.00277
0.00111
-0.00315
-0.00315
0.00698
-0.00369
-0.00049
0.00085
0.00085
-0.00315
5E-05
0.00271
-0.00315
0.00058
-0.00064
0.00229
0.00307
-0.00022
0.00431
-0.00315
-0.00422
0.00485
-0.00597
-0.00212
-0.00155
-0.00129
-0.00022
-0.00235
-0.00102
-0.00102
0.00598
-0.00465
-0.00317
-0.00129
-0.00342
-0.00369
-0.00209
0.00083
-0.00209
-0.00155
-0.00555
0.00405
-0.00155
-0.00235
0.00165
-0.00315
0.00431
-0.00038
0.00378
0.00111
-0.00155
0.00191
-0.00315
-0.00617
0.00247
-0.00769
0.00618
-0.00102
-0.00155
-0.00155
-0.00155
-0.00449
-0.00342
-0.00209
-0.00315
0.00405
-0.00315
-0.00689
-0.00091
-0.00475
0.00191
-0.00022
0.00111
5E-05
-0.00209
-0.00262
-0.00167
0.00485
-0.00171
-0.00574
-0.00224
0.00431
-0.00315
5E-05
0.00058
0.00271
0.0013
-0.00262
-0.00129
0.00085
-0.00061
-0.00209
0.00111
0.00176
0.00058
0.00298
-0.00475
-0.0007
0.00085
-0.00022
-0.00102
-0.00522
0.00165
-0.00529
0.00165
0.00271
-0.00129
-0.00037
0.00544
-0.00315
-0.00262
0.00378
0.00085
5E-05
-0.00022
0.00256
0.00336
0.00111
0.00218
0.00202
0.00111
0.00058
0.00165
0.00271
-0.00022
0.00191
0.00218
0.00377
-0.00049
0.00195
-0.00102
0.00378
0.00191
0.00489
-0.0018
-0.00129
-0.00849
0.00325
0.00111
-0.00049
0.00016
-0.00555
0.00298
-0.00262
-0.00022
-0.00262
0.00111
0.00229
-0.00192
-0.00369
0.00085
-0.00689
-0.00022
-0.00315
0.00592
-0.00422
-0.00849
-0.00475
0.00165
0.00165
0.00085
-0.00342
-0.00022
-0.00209
-0.00209
-0.00209
0.00271
-0.00155
-0.00049
0.00163
-0.0039
-0.00529
-0.00129
-0.01009
0.00111
0.00325
0.00378
-0.00049
0.00405
-0.00129
-0.00022
-0.00037
-0.00475
0.00325
0.00058
0.00058
5E-05
-0.00022
-0.00635
-0.00129
0.00111
-0.00022
-0.00315
-0.00235
0.00591
-0.00049
-0.00155
-0.00235
-0.00211
0.00485
-0.00155
5E-05
-0.00422
-0.00228
-0.00155
-0.00235
-0.00422
-0.00129
-0.00529
0.00192
-0.00049
0.00218
-0.00582
-0.00129
0.00405
0.00431
-0.00262
0.00416
5E-05
-0.00262
-0.00315
-0.00076
-0.00155
-0.00235
-0.0013
-0.00277
-0.00422
-0.00368
-0.00529
0.00271
-0.00048
-0.00208
-0.00235
0.00191
-0.00209
0.00405
-0.00315
-0.00422
0.00058
-0.00235
-0.00049
-0.00235
-0.00315
-0.00475
0.00111
0.00645
-0.00662
-0.00155
-0.00475
0.00378
-0.00342
-0.00209
0.00083
-0.00102
-0.00022
0.00431
0.00058
2E-05
-0.00022
-0.00369
-0.00022
-0.00544
5E-05
0.00431
-0.0021
-0.00155
-0.00368
-0.00129
-0.00022
-0.00795
-0.00129
-0.00102
-0.0021
0.00111
-0.00049
0.00485
0.00405
0.00058
-0.00263
-0.00235
0.00111
-0.00357
0.00378
-0.00475
-0.00464
0.00165
-0.00449
0.00149
0.00085
0.00111
0.00232
0.00431
-0.00155
-0.00129
-0.00902
-0.00155
0.00191
0.00218
-0.00022
-0.00422
-0.00262
-0.00422
0.00165
-0.00342
0.00298
-0.00225
0.00431
5E-05
-0.00475
-0.00155
0.00229
-0.00342
0.00058
-0.00422
-0.00449
-0.00449
-0.00102
0.00218
-0.00155
0.0043
-0.00022
-0.00022
-0.00129
-0.00369
0.00176
-0.00049
0.00431
0.00165
0.00058
-0.00422
0.00085
0.00271
0.00511
-0.00102
-0.00742
0.00016
-0.00364
0.00805
0.00202
-0.00235
-0.00342
-0.00342
-0.00208
-0.00422
0.00218
-0.00048
-0.00369
0.00271
-0.00475
0.00192
-0.00022
-0.00129
5E-05
0.00111
-0.00049
0.00271
-0.00155
-0.00315
-0.00342
-0.00129
-0.00102
5E-05
0.0023
-0.00155
-0.00902
-0.00342
-0.00369
-0.00237
0.00298
5E-05
0.00149
-0.00209
0.00508
-0.00369
-0.00129
0.00271
-0.00315
0.00192
-0.00129
-0.00315
0.00485
-0.00102
-0.00049
0.00591
-0.00369
-0.00449
0.00618
0.00085
0.00058
0.00431
-0.00635
0.00035
-0.00022
-0.00262
0.00111
-0.00129
-0.00102
0.00298
-0.00209
0.00058
-0.00689
0.00271
0.00325
-0.00235
0.00191
-0.00555
5E-05
-0.00209
5E-05
-0.00049
-0.00262
0.00058
0.00618
-0.00342
0.00298
0.00645
0.00216
-0.00475
0.00325
-0.00049
-0.00262
0.00405
-0.00209
-0.00208
-0.00235
0.00192
-0.00617
-0.00138
-0.00475
-0.00155
-0.00342
-0.00342
0.00618
-0.00049
-0.00208
-0.00529
-0.00475
-0.00262
-0.00342
0.00431
0.00085
0.00111
5E-05
-0.00315
-0.00069
-0.00475
0.00229
0.00181
-0.00235
-0.00342
-0.00342
0.00111
0.00538
0.00063
-0.00129
0.00058
-0.00311
0.00085
-0.00129
-0.00315
-0.00049
-0.00102
0.00111
-0.00795
0.00058
0.00271
-0.00235
-0.00422
0.00111
-0.00369
0.0027
-0.00102
0.00058
-0.00689
-0.00704
0.00191
-0.00491
0.0011
0.00085
0.00299
-0.00262
-0.00155
-0.00155
-0.00449
-0.00555
-0.00037
-0.00342
0.00218
-0.00369
-0.00049
0.00111
0.00043
-0.00342
5E-05
-0.00475
-0.00102
-0.00102
-0.00155
0.00325
-0.00049
-0.00129
0.00378
-0.00449
0.00552
-0.00129
5E-05
-0.00235
0.00325
-0.00475
0.00442
-0.00235
-0.00449
0.00485
0.00085
-0.00529
-0.00422
0.00218
-0.00262
0.00165
0.00165
0.00085
-0.00342
-0.00196
0.00111
5E-05
-0.00183
0.00085
0.00229
-0.00129
-0.00925
-0.00102
-0.00769
-0.00315
-0.00051
0.00389
-0.00262
-0.00689
-0.00555
-0.00129
-0.00022
-0.00022
-0.00209
5E-05
0.00165
-0.00315
0.00271
0.00085
-0.00022
-0.00102
-0.00635
-0.00049
-0.00209
-0.00449
-0.00155
0.00698
0.00096
-0.00235
-0.00497
-0.00051
-0.00209
5E-05
-0.00049
0.00058
0.00378
-0.00662
-0.00129
0.00563
-0.00635
0.00085
-0.00529
0.00538
5E-05
-0.00475
0.00271
-0.00342
0.00085
-0.00315
-0.00102
0.00485
-0.00235
-0.00155
0.00218
0.00058
0.00431
-0.00849
0.00218
-0.00557
-0.00022
0.00058
-0.00342
0.00298
-0.00049
5E-05
-0.00022
-0.00758
-0.00209
-0.00258
0.00271
0.00165
-0.00049
-0.00064
-0.00102
0.00085
5E-05
-0.00155
0.00058
-0.00049
0.00405
0.00298
5E-05
0.00298
-0.00315
-0.00022
-0.00193
-0.00144
-0.00102
0.00058
-0.00264
-0.00342
0.00085
0.00298
-0.00422
-0.00209
-0.00849
-0.00155
-0.00209
-0.00582
-0.00049
0.00085
-0.00022
-0.00022
-0.00315
0.00218
-0.00315
0.00165
-0.00555
0.00058
0.00271
0.00159
5E-05
-0.00662
-0.00529
-0.00422
0.00129
0.00165
-0.00155
-0.00555
-0.00129
-0.00742
0.00298
-0.01115
-0.00849
-0.00422
-0.00262
-0.00491
0.00111
-0.00237
-0.00037
0.00085
-0.00155
-0.00102
0.00165
-0.00449
-0.00369
0.00191
-0.00315
-0.00784
-0.00117
-0.00129
-0.00791
0.00058
-0.00155
-0.00369
-0.00342
0.00043
0.00298
0.00111
0.00111
0.00111
0.00271
-0.00582
-0.00033
-0.00342
-0.00449
-0.00662
0.00111
-0.00262
-0.00049
-0.00049
0.00043
-0.00102
-0.00449
0.00085
0.00229
-0.00211
-0.00315
0.00111
-0.00369
0.00056
0.00405
-0.00438
-0.00262
-0.00102
0.00431
-0.00369
0.00058
0.00431
-0.00129
-0.00475
-0.0043
0.00256
-0.00342
0.00111
-0.00315
-0.00315
-0.00475
0.00271
0.00405
0.00095
-0.00315
-0.00049
-0.00022
-0.00374
-0.00209
-0.00689
-0.00155
0.00056
-0.00129
-0.00049
-0.00102
-0.00235
-0.00209
0.00085
0.00378
-0.00155
0.00378
5E-05
0.00191
0.00196
-0.00104
-0.00102
-0.00315
-0.00411
-0.00555
-0.00151
0.00298
-0.00161
0.00111
5E-05
0.00591
0.00058
-0.00037
-0.00582
0.00189
-0.00076
0.00149
0.00085
-0.00315
0.00645
0.00751
-0.00262
-0.00049
-0.00475
-0.00064
0.00085
-0.00022
0.00216
-0.00209
-0.00315
0.00191
-0.00369
-0.00129
0.00443
-0.00449
-0.00209
5E-05
-0.00049
0.00325
0.00058
0.00165
-0.00582
0.00298
0.00576
0.00538
-0.00022
0.00111
-0.00155
-0.00155
-0.00262
0.00191
-0.00022
0.00043
-0.00317
0.00015
-0.00209
-0.00369
-0.00155
0.00085
0.00058
-0.00557
0.00405
-0.00635
-0.00209
0.0003
-0.00155
-0.00155
-0.00209
0.00298
-0.00102
-0.00277
-0.00263
0.00229
-0.00422
0.00111
-0.00155
0.00382
-0.00049
0.00085
0.00191
0.00325
-0.00022
-0.0017
0.00058
-0.00422
-0.00475
-0.00369
0.00085
-0.00342
-0.00209
0.00218
-0.00769
0.0007
-0.00155
0.00165
0.00618
-0.00155
-0.00022
-0.00597
-0.00315
-0.00422
-0.00315
-0.00582
0.00485
0.00591
-0.00342
-0.00235
0.00111
-0.01171
0.00056
-0.00049
-0.00342
0.00216
0.00403
0.00191
-0.00582
-0.00529
-0.00422
0.00379
-0.00022
5E-05
0.00058
0.0003
0.00085
-0.00022
-0.00102
0.00297
-0.00054
-0.00209
-0.00427
0.00058
0.00407
0.00298
-0.00769
-0.00022
-0.00422
0.00323
-0.00209
-0.00475
0.00085
-0.00251
0.00405
-0.00342
-0.00529
0.00378
0.00403
0.00111
-0.00155
0.00271
-0.00129
-0.00129
0.00058
-0.00209
-0.00129
0.00111
-0.00529
-0.00155
-0.00022
-0.0013
-0.00049
-0.00262
5E-05
0.0055
0.00383
-0.00309
-0.00262
-0.00262
-0.00022
0.00165
0.00295
-0.00422
-0.00315
-0.00262
-0.00235
-0.00102
0.00805
-0.00129
-0.00369
-0.00491
-0.00315
-0.00237
-0.00635
-0.00315
0.00165
-0.00036
0.00378
-0.00449
-0.00449
-0.00129
0.00538
5E-05
-0.00315
0.00165
-0.00091
0.00405
-0.00235
-0.00129
0.00111
5E-05
0.00591
-0.00453
0.00165
-0.00155
-0.00662
-0.00662
-0.00464
-0.00262
0.00111
-0.00464
-0.00155
-0.00867
-0.00342
-0.00369
-0.00129
-0.00129
-0.00342
-0.00635
5E-05
-0.00315
-0.00262
-0.00262
0.00405
-0.00875
-0.00262
0.00043
0.00218
0.00111
0.00218
-0.00475
-0.00049
-0.00235
0.00136
-0.00449
-0.00022
-0.00464
-0.00102
-0.00155
0.00352
0.00485
-0.00342
0.00085
0.00083
-0.00422
-0.00102
0.00111
0.00058
-0.00102
-0.00049
0.00591
-0.00277
0.00312
-0.00422
-0.00209
-0.00315
-0.00155
-0.00304
-0.00022
0.00298
0.00191
-0.00557
-0.0037
-0.00102
0.00538
0.00485
-0.00102
-0.00155
0.00058
-0.00129
-0.00129
-0.00022
-0.00102
-0.00049
5E-05
-0.00475
0.00058
0.00085
-0.00315
0.00405
0.00111
-0.00385
0.00218
0.00058
-0.00264
0.00485
-0.00635
-0.00342
-0.00129
-0.00342
-0.00209
-0.00155
-0.0009
0.00183
-0.00235
-0.00155
5E-05
-0.00022
-0.00209
0.00111
-0.00422
-0.00262
0.00058
-0.00342
0.00165
-0.00449
-0.00555
-0.00022
-0.00209
0.00378
0.00485
0.00442
-0.00731
-0.00155
-0.00129
5E-05
0.00085
0.00111
-0.00315
-0.00262
-0.00769
-0.00049
-0.00022
-0.00022
-0.00342
-0.00102
0.00431
-0.00155
-0.00315
0.00058
-0.00051
-0.00049
-0.00342
-0.00129
0.00298
-0.00209
-0.00315
-0.00262
0.00229
0.00591
-0.00155
0.00085
-0.00022
-0.00529
0.00056
-0.00102
0.00111
-0.00369
-0.00235
0.00165
-0.00022
0.00085
0.00085
-0.00422
0.00506
-0.00635
0.00271
0.00058
0.0003
-0.00342
0.00405
-0.00342
-0.00529
0.00111
-0.00635
-0.00354
-0.00582
-0.00049
-0.00235
-0.00769
-0.00449
-0.00315
-0.00529
-0.00315
-0.00391
0.00058
-0.00475
0.00085
-0.00129
-0.00422
-0.00422
0.00405
0.00165
0.00218
-0.00022
-0.00262
-0.00342
0.00191
-0.00315
-0.00357
-0.00262
-0.00209
-0.00475
-0.00662
0.0027
-0.00022
-0.00342
-0.00049
-0.00315
-0.00102
-0.00049
-0.00315
0.00058
-0.00117
-0.00209
-0.00235
0.00218
0.00186
-0.00369
-0.00342
-0.00689
-0.00251
-0.00129
0.00085
0.00111
0.00298
-0.00582
5E-05
-0.00262
0.00058
-0.00022
-0.00529
0.00165
-0.00342
0.00325
-0.00502
-0.00555
0.00016
-0.00262
0.00378
0.00165
-0.00555
0.00218
-0.00342
-0.00129
-0.00422
-0.00635
-0.00369
0.00271
-0.00689
-0.00342
-0.00235
-0.00449
-0.00529
-0.00529
-0.00038
0.00378
-0.00422
-0.00022
-0.00262
-0.00057
-0.00209
-0.00209
-0.00209
0.00298
0.00271
0.00271
-0.00129
-0.00342
0.00218
0.00111
0.00149
-0.00209
0.00271
-0.00369
-0.00049
-0.00197
-0.00449
0.00191
0.00043
-0.00529
0.00111
5E-05
-0.00369
-0.00304
-0.00049
-0.00917
-0.00022
-0.00022
-0.00315
-0.00102
-0.00369
-0.00209
-0.00262
-0.00555
0.00378
0.00298
-0.00209
-0.00422
-0.00475
0.00087
0.00485
-0.00475
-0.00129
-0.00342
-0.00342
0.00298
-0.00102
-0.00209
-0.00102
-0.00369
-0.00077
-0.00342
0.00165
-0.00022
-0.00604
-0.00422
-0.00742
0.00058
-0.00235
-0.00582
0.00378
-0.00331
-0.00529
-0.00422
-0.00129
0.00111
0.0023
-0.00262
-0.00369
-0.00475
0.00191
-0.00449
-0.00022
-0.00422
-0.00102
-0.00102
-0.00902
0.00271
-0.00982
-0.00555
0.00511
-0.00102
0.00218
0.00336
-0.00102
0.00163
-0.00795
-0.00262
-0.00235
5E-05
-0.00555
0.0063
-0.00235
-0.00155
-0.00422
0.00271
0.00298
0.00149
0.00191
-0.00102
-0.00102
-0.00262
-0.00155
-0.00495
-0.00235
0.0027
-0.00235
-0.00475
-0.00129
-0.00049
-0.00049
0.00218
0.00111
0.00218
0.00085
-0.00262
-0.00022
-0.00102
0.00111
-0.00719
0.00192
0.00405
0.00378
-0.00012
-0.00342
0.00058
-0.00129
-0.00102
-0.00043
-0.00397
-0.00235
-0.00217
-0.00582
-0.00449
0.00405
0.00111
-0.00209
-0.00102
0.00058
5E-05
-0.00235
0.00165
0.00058
-0.00022
0.00843
-0.00102
-0.00422
-0.00037
-0.0057
0.00056
0.00191
-0.00049
-0.00342
-0.00129
-0.00742
-0.00315
0.00431
-0.00582
-0.00475
-0.00224
-0.00662
-0.00022
5E-05
0.00218
-0.00529
0.00058
-0.00235
-0.00369
-0.00129
-0.00049
0.00083
-0.00449
-0.00315
-0.00209
0.00325
0.00165
-0.00267
0.00165
0.00058
-0.00235
0.00405
-0.00242
0.00431
0.00378
-0.00262
-0.00315
-0.00262
-0.00129
-0.00011
-0.00315
-0.00235
-0.00209
-0.00304
0.00165
-0.00584
-0.00369
0.00085
0.00083
-0.00209
0.00218
5E-05
-0.00475
-0.00235
0.00058
-0.00235
-9E-05
0.00298
0.00111
5E-05
0.00058
-0.00369
-0.00235
-0.00368
0.00111
-0.00342
0.00192
-0.00449
-0.0009
0.00378
-0.00529
0.00417
-0.00262
-0.00235
-0.00209
0.00085
5E-05
0.00043
-0.00102
-0.00155
-0.00102
-0.00262
-0.00689
-0.00662
-0.00104
0.00085
0.00085
0.00325
0.00165
-0.00157
0.00645
-0.00129
0.00298
0.00283
0.00169
0.00805
-0.00102
0.00378
0.00218
0.00485
-0.00235
-0.00529
0.00088
0.00298
-0.00102
-0.00235
-0.0005
0.00058
-0.00689
0.00725
0.00191
-0.00022
-0.00102
-0.00262
0.0027
-0.00102
-0.00209
-0.00262
0.00057
0.00165
-0.00342
-0.00342
-0.00635
0.00111
-0.00193
0.00142
-0.00662
-0.0005
-0.00664
0.00218
0.00749
-0.00209
0.00229
-0.00172
-0.00102
0.00281
0.00165
0.00191
-0.00342
0.00436
0.00192
-0.00464
-0.00102
-0.00155
-0.00369
-0.00449
0.00165
0.00469
-0.00129
-0.00571
5E-05
-0.00369
-0.00555
-0.00315
-0.00091
-0.00022
0.00165
0.00645
-0.0093
-0.00049
-0.00102
-0.00144
0.00511
-0.00262
-0.00662
-0.00373
-0.00315
-0.00768
-0.00742
-0.00102
-0.00262
0.00336
0.00405
0.00405
-0.00049
0.00645
-0.00344
0.0035
-0.00049
0.00058
0.00165
0.00191
0.00382
0.00536
-0.00209
-0.00102
0.00858
-0.00209
0.00271
0.00192
-0.00178
0.00085
0.00075
-0.00091
0.00165
-0.00235
-0.00044
5E-05
-0.00049
-0.00102
-0.00449
0.00191
-0.00251
0.00431
0.00536
0.00058
-0.0048
0.00271
-0.00262
-0.004
0.00431
-0.00129
-0.00422
0.00085
0.00325
