0.04348
0.04348
0.04219
0.04219
0.04219
0.03697
0.04645
0.04219
0.04124
0.04432
0.04218
0.04336
0.04219
0.04646
0.04432
0.04349
0.04123
0.04142
0.04049
0.04005
0.04433
0.04218
0.04021
0.04005
0.04219
0.04432
0.04219
0.04006
0.04218
0.03912
0.04005
0.04312
0.04188
0.04219
0.04124
0.03792
0.04005
0.04646
0.03908
0.04219
0.04356
0.04006
0.04219
0.04006
0.04219
0.04348
0.04216
0.04219
0.04431
0.04338
0.04219
0.04645
0.04219
0.04006
0.04124
0.04005
0.04347
0.04432
0.03935
0.04432
0.04561
0.04432
0.04219
0.04218
0.03925
0.04432
0.04219
0.04125
0.04219
0.04219
0.04646
0.03792
0.04124
0.03904
0.04219
0.04126
0.04219
0.04006
0.04433
0.04219
0.03788
0.04569
0.04136
0.04005
0.04006
0.04432
0.04431
0.04249
0.04338
0.04007
0.03925
0.04005
0.03697
0.03792
0.04036
0.03792
0.04006
0.04005
0.04005
0.04218
0.04432
0.04212
0.04219
0.04432
0.04432
0.04016
0.04027
0.04295
0.04005
0.03705
0.04434
0.03792
0.04075
0.04463
0.03792
0.0422
0.04552
0.0402
0.04219
0.04006
0.03911
0.04645
0.04645
0.04219
0.03911
0.04432
0.04645
0.04005
0.04432
0.04219
0.04219
0.04005
0.04216
0.04521
0.04352
0.03924
0.04229
0.04005
0.04142
0.04076
0.03792
0.04219
0.04219
0.04125
0.04218
0.03971
0.04219
0.03792
0.04218
0.04124
0.04432
0.03697
0.04433
0.04432
0.04006
0.04808
0.04219
0.04432
0.04219
0.04219
0.04642
0.04005
0.04134
0.04489
0.04149
0.04219
0.04432
0.04219
0.04126
0.04431
0.04121
0.04006
0.04122
0.04142
0.04432
0.04219
0.04646
0.04005
0.03905
0.04168
0.03792
0.04123
0.04007
0.0434
0.04432
0.04338
0.04005
0.04215
0.04433
0.03792
0.04027
0.03793
0.04313
0.04432
0.04442
0.03792
0.04044
0.04272
0.04218
0.03792
0.04219
0.04432
0.04493
0.03793
0.04219
0.04432
0.04228
0.04006
0.04432
0.04123
0.04339
0.04351
0.03981
0.04027
0.04005
0.04219
0.04219
0.04006
0.04355
0.04124
0.04219
0.04186
0.04348
0.04006
0.04219
0.04005
0.04646
0.04218
0.04432
0.0406
0.04005
0.03696
0.04645
0.04219
0.04336
0.04005
0.04218
0.04005
0.04219
0.04219
0.04143
0.03698
0.04005
0.04005
0.04493
0.04219
0.04219
0.03792
0.04339
0.04006
0.03908
0.04005
0.03889
0.04431
0.04438
0.04219
0.03793
0.04125
0.04219
0.04432
0.03792
0.04218
0.04219
0.04432
0.04125
0.04139
0.0397
0.04432
0.04219
0.03792
0.04337
0.04219
0.04005
0.04418
0.04005
0.04005
0.04126
0.04219
0.04432
0.04118
0.04006
0.04219
0.03912
0.04219
0.04006
0.04219
0.04006
0.04247
0.04247
0.04569
0.04218
0.04432
0.04432
0.04432
0.04432
0.04218
0.04344
0.04432
0.04646
0.04476
0.04006
0.03911
0.03792
0.04432
0.04219
0.04348
0.03792
0.04432
0.04432
0.04017
0.04339
0.04544
0.0433
0.04228
0.04005
0.04219
0.04219
0.04432
0.04219
0.04219
0.04443
0.04595
0.04432
0.03792
0.03921
0.04382
0.04219
0.04432
0.04006
0.04432
0.04432
0.04432
0.04432
0.04356
0.04432
0.03793
0.04219
0.04219
0.04219
0.04645
0.04241
0.04005
0.04219
0.04124
0.04002
0.04433
0.04006
0.04432
0.04219
0.04645
0.04381
0.03792
0.04432
0.04219
0.04241
0.04219
0.03911
0.04006
0.04219
0.04443
0.0391
0.04432
0.04002
0.04349
0.04219
0.04432
0.04432
0.03905
0.04645
0.04219
0.04645
0.04219
0.04433
0.04468
0.04645
0.04005
0.04124
0.04432
0.03792
0.04442
0.04429
0.04219
0.04219
0.04172
0.04126
0.04432
0.04006
0.03792
0.04338
0.04006
0.03925
0.04432
0.04016
0.04135
0.04308
0.04432
0.0391
0.04219
0.04432
0.04006
0.04005
0.04006
0.04432
0.04219
0.04432
0.04219
0.04006
0.04218
0.04316
0.04432
0.04432
0.03917
0.04432
0.04432
0.04859
0.04432
0.04338
0.04006
0.04005
0.04267
0.04432
0.03792
0.04569
0.04139
0.03792
0.04645
0.04432
0.04006
0.04432
0.04646
0.04218
0.04215
0.04006
0.04219
0.04006
0.04006
0.04645
0.03912
0.04126
0.04118
0.04219
0.04006
0.04218
0.04432
0.04219
0.04219
0.04432
0.04005
0.04219
0.04005
0.04219
0.04348
0.04124
0.04432
0.0422
0.04219
0.04433
0.04219
0.04005
0.04219
0.04357
0.0391
0.04219
0.04338
0.04291
0.04219
0.04219
0.04005
0.0433
0.04173
0.03911
0.04219
0.04432
0.03793
0.04446
0.04006
0.04331
0.04219
0.03911
0.04005
0.04432
0.04006
0.04432
0.0422
0.04054
0.04674
0.04219
0.03978
0.04219
0.04006
0.04219
0.04124
0.04007
0.04442
0.04006
0.04006
0.04342
0.04858
0.03925
0.04219
0.04219
0.04646
0.04219
0.04219
0.04053
0.03805
0.03793
0.04219
0.04289
0.04594
0.04219
0.04645
0.04503
0.04219
0.0427
0.03917
0.04124
0.04006
0.04432
0.04433
0.03908
0.04219
0.04006
0.04219
0.04432
0.04219
0.04135
0.04141
0.04432
0.0422
0.04432
0.04016
0.04168
0.03913
0.04219
0.04433
0.04245
0.04349
0.04568
0.04124
0.03792
0.04126
0.04222
0.04219
0.04646
0.04237
0.04219
0.04645
0.04028
0.04122
0.04219
0.04432
0.04432
0.04433
0.04005
0.04219
0.04338
0.04272
0.04218
0.04229
0.03792
0.04219
0.04146
0.04382
0.04432
0.04219
0.04646
0.04339
0.04125
0.04432
0.04126
0.04219
0.04219
0.04219
0.04006
0.04219
0.03793
0.04351
0.04432
0.04219
0.04005
0.04005
0.04005
0.04432
0.04432
0.04432
0.04219
0.04349
0.04382
0.04305
0.04219
0.04219
0.04433
0.04433
0.03793
0.04125
0.04443
0.04005
0.04351
0.04432
0.04331
0.04126
0.04432
0.04161
0.04268
0.04219
0.04219
0.04219
0.04432
0.04219
0.04561
0.04349
0.04454
0.04219
0.04006
0.04353
0.04433
0.04138
0.04219
0.04432
0.04125
0.03922
0.04218
0.04219
0.04432
0.04006
0.04444
0.04338
0.04219
0.04485
0.04432
0.04125
0.04344
0.04003
0.03698
0.04117
0.04126
0.04432
0.04219
0.04433
0.04219
0.04006
0.04433
0.04006
0.04219
0.04143
0.04219
0.0446
0.04858
0.0422
0.04219
0.04001
0.04432
0.04433
0.03911
0.04432
0.03985
0.04432
0.04128
0.04006
0.03911
0.04243
0.04005
0.04432
0.04338
0.04006
0.04219
0.04432
0.04373
0.04432
0.04117
0.04128
0.04219
0.04219
0.04218
0.04433
0.03696
0.04338
0.04433
0.04219
0.04643
0.04349
0.04219
0.04219
0.03793
0.04005
0.04374
0.04125
0.03792
0.04219
0.04219
0.04006
0.04455
0.04432
0.04219
0.04432
0.04715
0.04432
0.03929
0.04219
0.04432
0.04006
0.04218
0.04432
0.04006
0.04562
0.04645
0.0422
0.04219
0.04562
0.04433
0.04125
0.04201
0.04219
0.04432
0.04645
0.04006
0.04164
0.04125
0.04219
0.04117
0.04125
0.04125
0.04433
0.04219
0.04006
0.04219
0.04219
0.03698
0.04219
0.04005
0.04124
0.04433
0.04433
0.04006
0.04339
0.04433
0.04219
0.04006
0.03792
0.04125
0.04432
0.04005
0.04016
0.0423
0.04125
0.04005
0.03912
0.04775
0.04219
0.04219
0.04219
0.03913
0.03911
0.04348
0.03912
0.04243
0.04219
0.04006
0.04432
0.04005
0.04219
0.04258
0.04432
0.04219
0.04005
0.03912
0.04006
0.04433
0.04002
0.04219
0.04432
0.04562
0.04219
0.04219
0.04352
0.04006
0.04355
0.04432
0.04219
0.04219
0.04382
0.04219
0.04219
0.04646
0.04314
0.04219
0.04432
0.04005
0.04433
0.04646
0.03912
0.04349
0.04006
0.04218
0.04433
0.04219
0.04433
0.0433
0.04219
0.04125
0.04646
0.04219
0.04432
0.04219
0.04126
0.0455
0.04219
0.04434
0.04136
0.0422
0.04006
0.03889
0.04859
0.03911
0.03793
0.04125
0.04432
0.04218
0.04219
0.04432
0.03793
0.04551
0.03793
0.04006
0.04433
0.04645
0.04006
0.0447
0.03698
0.04219
0.03913
0.04435
0.04432
0.03793
0.04138
0.04339
0.03911
0.04125
0.04006
0.04219
0.04645
0.04219
0.0358
0.04218
0.04646
0.04219
0.03792
0.04006
0.03579
0.03579
0.04219
0.04352
0.04352
0.04645
0.04645
0.04432
0.03793
0.04526
0.04219
0.04006
0.04352
0.04006
0.04218
0.04229
0.04125
0.03905
0.04219
0.04238
0.03792
0.03793
0.04432
0.04219
0.04006
0.04219
0.04432
0.04006
0.03579
0.04096
0.04006
0.04432
0.04351
0.04646
0.03793
0.04432
0.0457
0.04432
0.04267
0.03793
0.04447
0.04317
0.04646
0.03793
0.04005
0.04338
0.04433
0.04432
0.04565
0.03792
0.04125
0.04006
0.04006
0.0422
0.04432
0.04645
0.04006
0.04442
0.04219
0.03601
0.04433
0.04006
0.04433
0.04646
0.04338
0.04433
0.03579
0.04433
0.04433
0.04005
0.04219
0.04432
0.04646
0.04337
0.04218
0.03792
0.03912
0.04433
0.04433
0.04646
0.04432
0.04124
0.04006
0.04006
0.04219
0.04006
0.03793
0.04432
0.04219
0.04219
0.04486
0.04433
0.03792
0.04443
0.04778
0.04354
0.04219
0.04219
0.0422
0.03579
0.04245
0.04433
0.04432
0.04006
0.0432
0.04219
0.04465
0.03792
0.04645
0.03793
0.04005
0.04254
0.05072
0.04552
0.04432
0.04432
0.03912
0.04006
0.04646
0.04219
0.0358
0.04433
0.04433
0.04433
0.04006
0.04006
0.04218
0.04219
0.04219
0.03905
0.03579
0.04219
0.04645
0.04433
0.04645
0.04125
0.04219
0.04433
0.04005
0.04219
0.04432
0.04147
0.03792
0.0428
0.04229
0.04337
0.04125
0.03792
0.0391
0.04432
0.04135
0.04005
0.03698
0.04118
0.04006
0.04645
0.04006
0.04218
0.04125
0.04432
0.04152
0.04006
0.04432
0.04124
0.03793
0.04247
0.04432
0.04218
0.04646
0.04006
0.04432
0.04006
0.04646
0.04219
0.04338
0.03793
0.04006
0.03793
0.04125
0.04219
0.04005
0.04219
0.03792
0.04219
0.04219
0.04432
0.04432
0.04006
0.04006
0.04314
0.04646
0.04219
0.04005
0.04432
0.04006
0.04218
0.04338
0.04432
0.04351
0.04646
0.04006
0.04006
0.04645
0.04006
0.04006
0.04432
0.04433
0.03792
0.04219
0.04646
0.04006
0.04432
0.04006
0.04432
0.04432
0.03793
0.04432
0.04645
0.04006
0.04006
0.04006
0.04432
0.0433
0.04432
0.04219
0.04219
0.03792
0.04219
0.04646
0.04138
0.04005
0.03793
0.04468
0.04219
0.04005
0.04134
0.04005
0.04006
0.04221
0.04142
0.04228
0.04431
0.04218
0.03909
0.0406
0.04219
0.04299
0.04015
0.04005
0.03792
0.04005
0.03792
0.04028
0.04432
0.04005
0.04432
0.04164
0.03803
0.04339
0.03792
0.03792
0.04432
0.04192
0.03907
0.03718
0.04005
0.04006
0.04431
0.03807
0.04126
0.04134
0.04221
0.04432
0.04646
0.04219
0.04072
0.04005
0.04219
0.04059
0.03908
0.04432
0.04432
0.04432
0.04006
0.03909
0.04432
0.03911
0.03792
0.03792
0.04082
0.04432
0.04069
0.04006
0.04005
0.03601
0.04005
0.04006
0.04127
0.04432
0.04218
0.04005
0.04432
0.04005
0.04005
0.04251
0.04219
0.04005
0.03697
0.03872
0.04432
0.04005
0.04431
0.04124
0.04218
0.04119
0.04143
0.03856
0.04005
0.04006
0.04218
0.04218
0.04218
0.04219
0.04219
0.03947
0.04218
0.04005
0.04006
0.03926
0.041
0.04431
0.03826
0.04005
0.04348
0.04006
0.04219
0.03912
0.04005
0.03579
0.03705
0.04122
0.03795
0.04201
0.04005
0.04219
0.04005
0.04219
0.04219
0.04229
0.0374
0.03792
0.04219
0.04218
0.04542
0.04016
0.04219
0.04215
0.04005
0.04218
0.04218
0.04034
0.03579
0.0422
0.04218
0.04432
0.03788
0.04313
0.03487
0.04219
0.04125
0.04218
0.04005
0.04432
0.03792
0.04348
0.04218
0.04432
0.04195
0.04218
0.03801
0.04219
0.03802
0.04124
0.04218
0.03792
0.04442
0.04119
0.04219
0.03955
0.04005
0.03921
0.04252
0.04241
0.04136
0.03905
0.04005
0.04028
0.04069
0.04003
0.04219
0.04645
0.03912
0.04218
0.04032
0.04005
0.0422
0.04006
0.04218
0.04089
0.04219
0.04005
0.04054
0.03906
0.04218
0.04028
0.04219
0.04007
0.04005
0.04005
0.04248
0.04219
0.04356
0.04432
0.04269
0.04125
0.04381
0.04241
0.04005
0.04432
0.04135
0.04057
0.04005
0.04432
0.04432
0.03913
0.04432
0.04135
0.04134
0.04015
0.04005
0.04005
0.04219
0.04006
0.04081
0.04005
0.0422
0.04429
0.04005
0.04006
0.04219
0.04219
0.04005
0.04017
0.03798
0.04135
0.03579
0.03793
0.03792
0.04005
0.04319
0.04316
0.04219
0.04219
0.04432
0.04015
0.04432
0.04219
0.04219
0.04164
0.04002
0.0383
0.04125
0.04432
0.04005
0.04218
0.04005
0.04355
0.04005
0.04335
0.03791
0.04229
0.04219
0.04646
0.03792
0.04218
0.03814
0.04001
0.03997
0.04219
0.04457
0.04005
0.04005
0.03526
0.04005
0.03911
0.04432
0.03898
0.0388
0.03913
0.04431
0.05091
0.04006
0.04766
0.05072
0.05285
0.05285
0.05285
0.04859
0.05194
0.05499
0.05072
0.05286
0.05628
0.05286
0.05441
0.05072
0.05072
0.05712
0.05072
0.04859
0.05498
0.05498
0.05072
0.05712
0.05285
0.04859
0.05499
0.05073
0.05285
0.05285
0.04859
0.05406
0.05285
0.05072
0.05285
0.05072
0.05072
0.05072
0.05419
0.05285
0.05285
0.05205
0.0498
0.05286
0.0551
0.05072
0.05285
0.05499
0.05285
0.04859
0.055
0.05229
0.05285
0.05419
0.05185
0.05285
0.0552
0.05418
0.05398
0.05072
0.05362
0.05498
0.05285
0.05072
0.0486
0.05229
0.05285
0.05286
0.05391
0.05499
0.05072
0.05072
0.05285
0.05712
0.05285
0.05498
0.05072
0.05498
0.05712
0.05202
0.05498
0.05072
0.05285
0.05072
0.05285
0.05186
0.05072
0.05409
0.05285
0.05285
0.04858
0.05499
0.05499
0.05073
0.04859
0.05415
0.0541
0.05287
0.05072
0.05628
0.05162
0.05285
0.04859
0.05093
0.05286
0.04855
0.05286
0.05072
0.05205
0.05285
0.05419
0.05498
0.05072
0.05071
0.05111
0.04859
0.05499
0.05285
0.05285
0.05285
0.05285
0.05285
0.05499
0.05072
0.05184
0.05285
0.05072
0.05547
0.05286
0.05072
0.05072
0.05285
0.05285
0.05286
0.05072
0.04646
0.04858
0.05711
0.05285
0.04859
0.05072
0.05354
0.05072
0.05285
0.05285
0.05072
0.05072
0.05711
0.0562
0.05072
0.05499
0.05632
0.05072
0.04859
0.05285
0.05284
0.05285
0.04888
0.05498
0.05498
0.05072
0.05925
0.05072
0.05082
0.04978
0.05072
0.05196
0.05072
0.05072
0.04859
0.05499
0.04991
0.05307
0.05197
0.05307
0.05072
0.05712
0.05285
0.05712
0.05495
0.04944
0.05072
0.05094
0.04859
0.05094
0.05711
0.05072
0.05072
0.05499
0.05517
0.05072
0.05071
0.04971
0.05072
0.05285
0.05498
0.0488
0.05072
0.04855
0.05071
0.05628
0.05235
0.05024
0.05072
0.05027
0.05448
0.05285
0.04859
0.052
0.05072
0.05072
0.05498
0.05073
0.05925
0.05285
0.05499
0.05285
0.05285
0.05285
0.05712
0.05498
0.05302
0.05068
0.05499
0.04912
0.05306
0.05285
0.05071
0.05285
0.05285
0.05418
0.05194
0.04645
0.05068
0.04858
0.04859
0.05072
0.05073
0.05071
0.05498
0.05498
0.05286
0.05204
0.05072
0.05521
0.05443
0.04859
0.05415
0.05286
0.05285
0.05418
0.05631
0.05611
0.05285
0.05072
0.05498
0.05285
0.04765
0.05285
0.04858
0.05072
0.05072
0.05285
0.05285
0.05285
0.05285
0.05197
0.05072
0.05499
0.05201
0.05499
0.04991
0.05286
0.05072
0.04859
0.05072
0.05285
0.05712
0.05109
0.05286
0.05206
0.05072
0.05285
0.05072
0.0498
0.05286
0.05286
0.05072
0.05072
0.05072
0.05712
0.05299
0.05498
0.0498
0.04544
0.05285
0.05209
0.05285
0.04859
0.05285
0.05235
0.04859
0.04859
0.05285
0.05285
0.05414
0.0498
0.05499
0.05285
0.05285
0.05072
0.05285
0.05286
0.04859
0.05441
0.05286
0.05184
0.05072
0.05285
0.05072
0.05286
0.04859
0.05072
0.05184
0.05285
0.05285
0.05286
0.05072
0.05285
0.05499
0.05499
0.05712
0.05286
0.05712
0.05072
0.05072
0.05499
0.05068
0.04859
0.05204
0.05499
0.05286
0.05285
0.05072
0.05072
0.05628
0.05499
0.05499
0.05712
0.05072
0.05072
0.05286
0.05072
0.05072
0.04859
0.05071
0.05195
0.05285
0.05285
0.05285
0.04645
0.05498
0.05498
0.04859
0.05285
0.05072
0.05072
0.05499
0.05712
0.05285
0.05268
0.05285
0.05285
0.05072
0.05072
0.05498
0.05072
0.05712
0.05499
0.05498
0.05498
0.05285
0.05265
0.04859
0.04977
0.05205
0.05285
0.04647
0.05205
0.05285
0.05499
0.05285
0.05285
0.05072
0.05286
0.055
0.05712
0.05286
0.05285
0.05072
0.05073
0.05285
0.04859
0.05632
0.05072
0.05072
0.05285
0.05285
0.05072
0.05285
0.05285
0.05072
0.05498
0.05088
0.05203
0.05285
0.05286
0.05628
0.05286
0.05499
0.05498
0.05072
0.05498
0.05071
0.05498
0.05419
0.05499
0.05181
0.05205
0.05099
0.05712
0.0497
0.05286
0.05286
0.05072
0.0551
0.05286
0.05285
0.05285
0.05498
0.04859
0.0498
0.05285
0.05072
0.05285
0.05072
0.05072
0.05499
0.05072
0.05072
0.05072
0.05498
0.05285
0.05498
0.05712
0.05205
0.05499
0.05072
0.05202
0.05498
0.05072
0.05418
0.05072
0.05072
0.05926
0.05072
0.05285
0.05285
0.05285
0.05072
0.05072
0.04758
0.05073
0.04991
0.05286
0.05286
0.05285
0.05072
0.05072
0.05627
0.05201
0.05712
0.05285
0.05499
0.05418
0.05415
0.05285
0.05499
0.04859
0.05072
0.05285
0.05072
0.05072
0.05499
0.04859
0.05499
0.05204
0.05285
0.05498
0.05499
0.05611
0.05107
0.05499
0.05201
0.05285
0.05498
0.05499
0.05498
0.05073
0.05499
0.05499
0.05286
0.05712
0.05418
0.05711
0.05194
0.05101
0.04859
0.05286
0.05094
0.05285
0.05286
0.05231
0.05498
0.05498
0.05072
0.05286
0.05072
0.05285
0.05285
0.05285
0.05071
0.05234
0.05499
0.05285
0.05285
0.05285
0.05072
0.05286
0.05072
0.05184
0.05072
0.05073
0.05285
0.05289
0.05072
0.05072
0.05072
0.05073
0.05069
0.05072
0.04859
0.05071
0.04859
0.05499
0.05286
0.05499
0.05285
0.05736
0.05286
0.05193
0.05072
0.05498
0.05285
0.05588
0.05712
0.05285
0.05072
0.05419
0.05285
0.0467
0.04645
0.05072
0.04859
0.05689
0.04859
0.05498
0.05499
0.05204
0.04766
0.05285
0.05285
0.055
0.05286
0.05498
0.05072
0.04983
0.05286
0.05499
0.05499
0.05625
0.05285
0.05712
0.05285
0.04859
0.05499
0.05285
0.05071
0.05072
0.05072
0.05286
0.05286
0.05285
0.05286
0.05072
0.05285
0.05499
0.05285
0.05499
0.05072
0.05072
0.05072
0.05628
0.04971
0.05073
0.05072
0.05285
0.05072
0.05072
0.05499
0.05713
0.05285
0.05498
0.05072
0.05499
0.05286
0.04971
0.05072
0.05712
0.05285
0.05712
0.05282
0.05205
0.05072
0.05499
0.05499
0.05285
0.05499
0.05397
0.05072
0.05286
0.05285
0.04646
0.05499
0.05498
0.05285
0.05286
0.05072
0.05712
0.05473
0.05072
0.05499
0.05072
0.05712
0.05285
0.05072
0.05286
0.0477
0.05285
0.05072
0.05286
0.05072
0.05521
0.05498
0.05285
0.05194
0.05285
0.05285
0.05072
0.05498
0.05286
0.05072
0.05499
0.0497
0.04859
0.05285
0.04859
0.05499
0.05285
0.05498
0.05072
0.05286
0.05285
0.05072
0.05713
0.05415
0.05286
0.05072
0.05499
0.05072
0.05286
0.05072
0.04767
0.05498
0.05286
0.04988
0.05712
0.05286
0.05201
0.05285
0.05498
0.04859
0.05072
0.05286
0.05184
0.05499
0.05072
0.05285
0.05205
0.05286
0.05498
0.05287
0.05712
0.04858
0.05415
0.05285
0.05072
0.05286
0.05499
0.05072
0.05072
0.04859
0.05285
0.05286
0.05499
0.05072
0.05193
0.05712
0.05073
0.05072
0.05285
0.05285
0.05285
0.05282
0.05285
0.05286
0.05285
0.05072
0.05499
0.05285
0.05285
0.05071
0.05072
0.05285
0.05072
0.05499
0.05286
0.05286
0.0511
0.05091
0.05418
0.05072
0.05073
0.05499
0.05285
0.05285
0.05072
0.05072
0.05072
0.05072
0.05072
0.05072
0.05499
0.05072
0.05285
0.05286
0.05498
0.05072
0.05498
0.05072
0.05285
0.05072
0.05624
0.05189
0.05285
0.05072
0.05072
0.05286
0.05286
0.05205
0.05286
0.05202
0.05628
0.05285
0.04859
0.05073
0.04859
0.05712
0.05499
0.05073
0.05286
0.05072
0.05086
0.05072
0.05072
0.05072
0.05286
0.05499
0.05286
0.05285
0.05072
0.05287
0.05285
0.05285
0.05072
0.05397
0.05286
0.05073
0.05285
0.05499
0.04859
0.05072
0.05072
0.05448
0.05286
0.05285
0.05072
0.05285
0.05712
0.05092
0.05162
0.05498
0.05072
0.05072
0.0524
0.05499
0.05415
0.04646
0.05286
0.05307
0.05285
0.05498
0.05286
0.05499
0.05072
0.04859
0.05499
0.05285
0.04859
0.05727
0.05286
0.05285
0.05287
0.04646
0.05286
0.05201
0.05285
0.05711
0.05499
0.05712
0.04645
0.05285
0.05712
0.05073
0.05712
0.05072
0.05285
0.05499
0.05285
0.05193
0.05073
0.04433
0.05285
0.05073
0.05521
0.05072
0.05498
0.05285
0.05499
0.05298
0.05285
0.04646
0.05414
0.05285
0.05285
0.04859
0.05072
0.05498
0.05072
0.05499
0.05069
0.04859
0.05286
0.05285
0.05285
0.05286
0.05286
0.05189
0.05712
0.04859
0.05712
0.04859
0.05499
0.04645
0.05499
0.05304
0.05415
0.05285
0.05667
0.05925
0.05285
0.055
0.05072
0.05285
0.05285
0.05287
0.05287
0.05285
0.05712
0.05286
0.04759
0.05499
0.04988
0.05287
0.05073
0.05499
0.05498
0.0486
0.05073
0.05712
0.04858
0.05498
0.05189
0.05072
0.04991
0.04859
0.05615
0.05072
0.05072
0.05193
0.05286
0.05285
0.04988
0.05072
0.05498
0.05499
0.05284
0.05072
0.05286
0.0552
0.05073
0.05499
0.05621
0.05285
0.04859
0.05414
0.05072
0.04988
0.05069
0.05285
0.04433
0.05285
0.05285
0.05629
0.05205
0.05499
0.05498
0.0498
0.05285
0.05239
0.05072
0.05402
0.05072
0.05072
0.05286
0.05499
0.05283
0.05498
0.05072
0.05073
0.05072
0.05285
0.05285
0.05712
0.05509
0.05285
0.05072
0.05072
0.05286
0.05499
0.05286
0.05498
0.05712
0.05285
0.05498
0.05227
0.05285
0.04859
0.04775
0.05498
0.05072
0.04859
0.05498
0.04432
0.05442
0.05498
0.05285
0.05304
0.05499
0.05235
0.05072
0.05285
0.05499
0.05498
0.04859
0.05073
0.05072
0.05285
0.05285
0.04858
0.04645
0.05072
0.05499
0.05285
0.05072
0.05072
0.05499
0.05285
0.05072
0.05712
0.05631
0.05072
0.05285
0.05286
0.05712
0.05205
0.0552
0.04861
0.04859
0.05285
0.05205
0.05415
0.04544
0.05285
0.05285
0.05072
0.05286
0.05184
0.05072
0.05499
0.05285
0.05072
0.05669
0.05072
0.05285
0.05307
0.05499
0.05072
0.05712
0.05193
0.0464
0.05072
0.05498
0.05285
0.05286
0.05285
0.05498
0.05072
0.05285
0.05072
0.05499
0.05094
0.05285
0.05285
0.04991
0.04859
0.05286
0.05499
0.05286
0.05349
0.04859
0.05286
0.05072
0.04988
0.05498
0.05286
0.05499
0.05193
0.05072
0.04881
0.05499
0.05072
0.05418
0.05235
0.05068
0.05072
0.05285
0.05285
0.05143
0.05071
0.04859
0.0527
0.04779
0.05072
0.04858
0.05072
0.05205
0.04858
0.04859
0.05285
0.05072
0.05286
0.05499
0.04859
0.05205
0.05072
0.05198
0.04858
0.05073
0.05054
0.05071
0.0498
0.05418
0.05072
0.05285
0.05286
0.04645
0.05286
0.05072
0.05498
0.05072
0.05094
0.05285
0.05286
0.05285
0.05712
0.04861
0.04859
0.05285
0.05205
0.05072
0.05282
0.05499
0.05072
0.05498
0.05285
0.05071
0.05205
0.05285
0.05285
0.05201
0.05072
0.05285
0.05072
0.05414
0.05072
0.04859
0.04972
0.05235
0.05285
0.05285
0.05285
0.05072
0.05071
0.05285
0.04972
0.05285
0.05201
0.05419
0.04858
0.05285
0.05094
0.05195
0.05072
0.05072
0.05072
0.05286
0.05072
0.05285
0.04859
0.05419
0.04923
0.05201
0.05498
0.05071
0.05072
0.05196
0.05072
0.05285
0.05285
0.05071
0.04858
0.05072
0.05072
0.05072
0.05498
0.05424
0.05071
0.05285
0.05071
0.05072
0.05071
0.05498
0.05071
0.05072
0.05285
0.05498
0.05072
0.05285
0.05071
0.05286
0.05195
0.05072
0.04646
0.04645
0.05285
0.05071
0.05498
0.05285
0.05072
0.05072
0.05285
0.04859
0.05498
0.05285
0.05498
0.05071
0.04858
0.05286
0.04858
0.05194
0.05499
0.05072
0.05285
0.05284
0.05072
0.05195
0.05201
0.05072
0.05072
0.05284
0.05072
0.05285
0.0523
0.05072
0.05285
0.05072
0.05072
0.05285
0.05335
0.04988
0.05072
0.05285
0.05071
0.04854
0.05194
0.05072
0.05499
0.05072
0.04858
0.04859
0.05285
0.04858
0.05087
0.05072
0.05072
0.05072
0.05208
0.04858
0.05072
0.05072
0.04858
0.05072
0.05072
0.05285
0.05194
0.05072
0.05499
0.05418
0.04859
0.05195
0.05286
0.05284
0.05205
0.04981
0.05286
0.05285
0.05072
0.05071
0.05285
0.04858
0.05284
0.04858
0.05285
0.05072
0.05285
0.04858
0.04645
0.05499
0.04858
0.04766
0.05072
0.05297
0.05286
0.05072
0.05071
0.05194
0.05285
0.05285
0.04859
0.05285
0.04769
0.05091
0.04859
0.04858
0.05072
0.05501
0.05083
0.05072
0.04859
0.05285
0.05285
0.04858
0.05072
0.05285
0.05072
0.04647
0.05073
0.05284
0.05072
0.04858
0.05499
0.04859
0.05285
0.04218
0.05297
0.05072
0.04645
0.05072
0.05285
0.05072
0.05712
0.05414
0.05285
0.0488
0.05071
0.05072
0.04858
0.04982
0.04992
0.05072
0.05711
0.05499
0.04894
0.05088
0.04858
0.05071
0.05498
0.04432
0.05071
0.06352
0.05285
0.06139
0.06138
0.06274
0.06139
0.06698
0.06063
0.06138
0.05925
0.05925
0.06139
0.06138
0.06352
0.06022
0.06351
0.06352
0.05712
0.05925
0.06348
0.06352
0.06352
0.06183
0.05712
0.06271
0.06138
0.05825
0.06352
0.05935
0.06138
0.06139
0.06352
0.0648
0.06138
0.06082
0.06138
0.0616
0.06352
0.05925
0.06352
0.06269
0.05824
0.05925
0.06352
0.05825
0.06138
0.06352
0.06138
0.06351
0.06296
0.06138
0.06138
0.06351
0.06268
0.05847
0.06352
0.06565
0.06565
0.06138
0.06352
0.05925
0.06139
0.05847
0.06138
0.06352
0.06138
0.05712
0.06139
0.06138
0.06138
0.06139
0.06139
0.06175
0.06255
0.06138
0.0648
0.06566
0.06352
0.06352
0.05925
0.05925
0.06352
0.05925
0.06351
0.06138
0.05925
0.06354
0.06139
0.06352
0.06485
0.06351
0.05925
0.06139
0.06139
0.06351
0.05925
0.06352
0.06139
0.05836
0.06138
0.06007
0.06138
0.05925
0.05925
0.06041
0.06138
0.06464
0.06139
0.06565
0.06352
0.06138
0.05925
0.06138
0.06351
0.05925
0.05925
0.06139
0.06138
0.06138
0.06483
0.06138
0.06267
0.05925
0.06352
0.06481
0.06778
0.06272
0.06058
0.06271
0.06138
0.05925
0.06352
0.06351
0.05925
0.06138
0.06139
0.06138
0.05925
0.06139
0.05922
0.05925
0.06139
0.06138
0.05939
0.05925
0.06135
0.06447
0.06138
0.05927
0.06138
0.06141
0.05925
0.06138
0.06476
0.05712
0.05925
0.06565
0.06351
0.06024
0.06565
0.06351
0.06348
0.06139
0.05897
0.05841
0.06268
0.06352
0.06138
0.05838
0.06351
0.05712
0.06352
0.06352
0.05925
0.06341
0.06351
0.0616
0.05836
0.06351
0.06302
0.05925
0.06091
0.06351
0.06058
0.05882
0.06352
0.06038
0.06135
0.05925
0.06264
0.05925
0.06564
0.06139
0.05925
0.06352
0.06021
0.0611
0.06564
0.06201
0.0614
0.05926
0.05836
0.06138
0.06352
0.06079
0.06352
0.06483
0.06488
0.06351
0.06054
0.06351
0.06268
0.06138
0.06352
0.06383
0.06139
0.06138
0.0605
0.06352
0.06351
0.06471
0.05836
0.06138
0.06054
0.06352
0.06138
0.05825
0.05925
0.05925
0.06138
0.06778
0.05925
0.06139
0.06263
0.05925
0.05925
0.05925
0.06138
0.05925
0.05825
0.06139
0.05925
0.06565
0.06051
0.06138
0.05925
0.06137
0.05925
0.06351
0.06565
0.06138
0.05925
0.05926
0.05926
0.06182
0.06352
0.06352
0.06138
0.05925
0.06138
0.06037
0.05925
0.06381
0.06481
0.06326
0.06138
0.06138
0.05925
0.06139
0.06352
0.05926
0.06139
0.06139
0.05974
0.05925
0.06139
0.05825
0.05925
0.06352
0.06565
0.05925
0.06138
0.05925
0.06138
0.06352
0.05926
0.06481
0.06352
0.06139
0.06395
0.06352
0.06139
0.05712
0.05925
0.06139
0.06138
0.0581
0.06138
0.05709
0.06352
0.06138
0.06565
0.06566
0.06014
0.0605
0.06267
0.05925
0.06352
0.05712
0.06351
0.06139
0.06565
0.06352
0.06352
0.06139
0.06565
0.06139
0.06352
0.06138
0.06138
0.06352
0.06247
0.06138
0.05997
0.06352
0.05498
0.06352
0.05711
0.05925
0.06352
0.06139
0.06138
0.06366
0.06054
0.06139
0.05925
0.05925
0.05925
0.06352
0.06138
0.06038
0.06139
0.06351
0.06138
0.05925
0.06565
0.06139
0.06352
0.06139
0.05938
0.06138
0.06352
0.06153
0.06352
0.06139
0.06348
0.0605
0.06139
0.06351
0.06364
0.05926
0.06049
0.06352
0.05926
0.06565
0.06352
0.06352
0.06566
0.05926
0.06352
0.06139
0.06352
0.05926
0.06352
0.06366
0.06139
0.06352
0.06139
0.06138
0.06482
0.06139
0.06351
0.06294
0.06139
0.06565
0.06015
0.06352
0.05926
0.06139
0.06138
0.06352
0.06138
0.06351
0.06565
0.06139
0.06352
0.06352
0.06352
0.05836
0.06139
0.06139
0.06139
0.05925
0.06352
0.05925
0.06138
0.05925
0.06138
0.06058
0.06465
0.06058
0.06351
0.06352
0.06485
0.05734
0.06352
0.06139
0.05943
0.06272
0.05925
0.06694
0.05835
0.06138
0.05925
0.06138
0.06352
0.06138
0.06055
0.06352
0.05922
0.06139
0.06139
0.06565
0.06139
0.05926
0.06209
0.06139
0.06251
0.06255
0.06139
0.05925
0.05925
0.05875
0.06352
0.05926
0.05712
0.06352
0.06139
0.05499
0.06484
0.05926
0.06054
0.05925
0.05925
0.06138
0.06139
0.06565
0.05926
0.05925
0.05925
0.06138
0.06139
0.06352
0.06352
0.06139
0.06049
0.06138
0.06049
0.06139
0.06139
0.06565
0.06139
0.06139
0.05943
0.06139
0.06138
0.06566
0.06352
0.05925
0.06139
0.06138
0.06139
0.06059
0.05925
0.05926
0.06352
0.06139
0.06138
0.06138
0.06139
0.05499
0.06139
0.06139
0.06139
0.06139
0.06138
0.05925
0.06138
0.06138
0.06351
0.05925
0.06138
0.06263
0.06139
0.06138
0.06352
0.05946
0.05926
0.06139
0.06139
0.06352
0.06565
0.05925
0.06139
0.06352
0.06139
0.06352
0.06263
0.05925
0.06353
0.05925
0.05925
0.06213
0.05732
0.06138
0.05925
0.06565
0.06139
0.05926
0.05925
0.06262
0.06139
0.06122
0.06352
0.06424
0.0605
0.06354
0.06139
0.06565
0.06352
0.05925
0.06139
0.05926
0.05925
0.05925
0.06251
0.06352
0.06139
0.06352
0.06251
0.06138
0.05925
0.06139
0.05926
0.06139
0.06139
0.06352
0.06139
0.06374
0.06139
0.05947
0.05712
0.06139
0.06139
0.06267
0.05499
0.06565
0.06139
0.0614
0.06352
0.06352
0.06092
0.05925
0.06139
0.06118
0.06352
0.06059
0.06139
0.06139
0.0633
0.06353
0.06139
0.06352
0.05712
0.06051
0.05712
0.06695
0.06352
0.06139
0.0625
0.06139
0.06138
0.06139
0.06138
0.05925
0.05712
0.05925
0.06139
0.06049
0.05712
0.05925
0.06138
0.05926
0.06565
0.06138
0.06046
0.05925
0.05926
0.05925
0.06139
0.05926
0.06189
0.05925
0.05926
0.06565
0.05925
0.06064
0.06139
0.06352
0.06566
0.05825
0.05712
0.06352
0.06151
0.06352
0.05712
0.05926
0.05925
0.05845
0.05926
0.05723
0.06138
0.06138
0.06272
0.06424
0.06542
0.05825
0.0614
0.06352
0.06352
0.06351
0.06352
0.06565
0.06139
0.05845
0.06139
0.06139
0.06352
0.06057
0.06565
0.05926
0.06139
0.06272
0.06049
0.06139
0.06139
0.06352
0.06139
0.06066
0.06251
0.06268
0.05926
0.06482
0.06203
0.06139
0.06374
0.06139
0.06352
0.05824
0.05925
0.06352
0.06565
0.05926
0.06139
0.06779
0.06352
0.06352
0.05499
0.06352
0.06271
0.05632
0.06486
0.05825
0.05712
0.06139
0.06352
0.06352
0.06271
0.06352
0.06351
0.06139
0.05925
0.06263
0.06139
0.06139
0.05712
0.06139
0.06353
0.06352
0.06138
0.06139
0.06352
0.05925
0.05925
0.05845
0.06139
0.06139
0.06369
0.05712
0.06139
0.06075
0.06139
0.06139
0.06138
0.06352
0.05712
0.06139
0.06001
0.06138
0.05926
0.05926
0.05925
0.06139
0.06142
0.06352
0.06352
0.06138
0.06352
0.06233
0.05926
0.06484
0.05925
0.05926
0.05925
0.05925
0.06037
0.06352
0.06139
0.06139
0.06138
0.05926
0.06139
0.06139
0.05926
0.06139
0.05837
0.06139
0.06352
0.05712
0.05925
0.05925
0.06352
0.05926
0.06235
0.06352
0.06138
0.06138
0.05925
0.05925
0.06058
0.06055
0.05611
0.05926
0.0605
0.06139
0.06352
0.05712
0.06139
0.06055
0.0605
0.05925
0.05925
0.06152
0.06138
0.06038
0.06139
0.05611
0.06352
0.06441
0.06352
0.06139
0.06055
0.06562
0.06188
0.06374
0.06139
0.06139
0.0624
0.06485
0.05925
0.05712
0.06055
0.06139
0.06139
0.06352
0.06082
0.06139
0.05926
0.06135
0.06566
0.06352
0.06139
0.06138
0.05925
0.06138
0.06457
0.05925
0.06352
0.06138
0.06139
0.05712
0.06351
0.06139
0.05926
0.06048
0.06486
0.06352
0.05509
0.06139
0.06565
0.06352
0.06565
0.06565
0.05925
0.06352
0.06139
0.06135
0.06352
0.06566
0.05926
0.05611
0.06565
0.05926
0.06352
0.05922
0.06138
0.05925
0.06139
0.06385
0.06088
0.06566
0.05712
0.05713
0.06274
0.06138
0.06566
0.06138
0.06565
0.06139
0.05711
0.06141
0.05925
0.05712
0.05926
0.06352
0.06565
0.05925
0.05712
0.06038
0.05925
0.06779
0.06302
0.05836
0.06352
0.06139
0.05925
0.06138
0.06268
0.05925
0.06139
0.05622
0.06567
0.06352
0.06366
0.06565
0.06139
0.06374
0.05926
0.06485
0.05926
0.05925
0.06352
0.06352
0.06139
0.06139
0.05925
0.05712
0.06348
0.06139
0.06352
0.06352
0.06139
0.06352
0.06565
0.06352
0.05925
0.06351
0.05632
0.06139
0.06352
0.05926
0.06058
0.06139
0.06138
0.05925
0.06351
0.06139
0.06139
0.05925
0.05925
0.06352
0.06352
0.06139
0.05926
0.06352
0.06138
0.05925
0.05925
0.06139
0.06352
0.06139
0.06139
0.05925
0.06139
0.06352
0.05925
0.05712
0.06273
0.05925
0.05925
0.06352
0.05925
0.06054
0.05869
0.06352
0.05712
0.06139
0.06138
0.06138
0.06352
0.05925
0.06138
0.05925
0.06112
0.06582
0.06048
0.06139
0.05925
0.06698
0.06352
0.06194
0.06352
0.05712
0.06352
0.05622
0.06139
0.06139
0.06352
0.05499
0.06565
0.05926
0.06139
0.06139
0.06352
0.05824
0.06352
0.05712
0.06139
0.05925
0.06139
0.06352
0.05925
0.06139
0.06139
0.06138
0.06485
0.05712
0.06139
0.05712
0.06565
0.05734
0.06352
0.05632
0.06139
0.06139
0.06139
0.06267
0.05925
0.06299
0.06048
0.06565
0.05925
0.06138
0.06139
0.06139
0.06138
0.06565
0.06352
0.0614
0.06138
0.06565
0.06468
0.06138
0.05925
0.06565
0.06139
0.05842
0.06139
0.06352
0.05925
0.06352
0.06139
0.06352
0.06566
0.06139
0.06139
0.06352
0.06352
0.06352
0.06161
0.05713
0.06262
0.06351
0.06139
0.0627
0.05712
0.06367
0.05925
0.06481
0.05925
0.06352
0.06139
0.06138
0.06139
0.05925
0.06352
0.06352
0.06352
0.05926
0.06352
0.05926
0.05845
0.06138
0.06354
0.06139
0.06141
0.05925
0.06352
0.06363
0.05712
0.05835
0.06268
0.06139
0.06352
0.06352
0.06409
0.05925
0.06352
0.0605
0.06055
0.05926
0.06352
0.05837
0.06139
0.06138
0.05874
0.05925
0.06139
0.06423
0.05926
0.06465
0.06352
0.06139
0.06054
0.06374
0.06138
0.05925
0.06139
0.05886
0.06138
0.06565
0.06566
0.06396
0.06228
0.06138
0.06352
0.06004
0.06139
0.0581
0.06351
0.05712
0.06351
0.05925
0.05946
0.05925
0.05925
0.06352
0.05926
0.06138
0.06037
0.06054
0.06058
0.05926
0.06565
0.06351
0.05926
0.05925
0.06565
0.06139
0.06019
0.06351
0.0648
0.06043
0.05925
0.06352
0.05925
0.06054
0.06138
0.05926
0.06059
0.05925
0.0605
0.0648
0.06139
0.06139
0.05925
0.0605
0.06352
0.06352
0.06139
0.05712
0.05925
0.06351
0.05925
0.06352
0.06139
0.06264
0.05946
0.05925
0.05925
0.06138
0.05925
0.06139
0.06138
0.05498
0.06139
0.05846
0.05925
0.05711
0.06139
0.06352
0.06268
0.05925
0.06352
0.05925
0.05925
0.06139
0.06139
0.06268
0.06351
0.06138
0.06138
0.05925
0.05975
0.0574
0.05925
0.06351
0.06138
0.05836
0.05825
0.05925
0.05632
0.06138
0.06352
0.05925
0.06139
0.06134
0.06138
0.06138
0.06141
0.05926
0.06138
0.06138
0.06054
0.06352
0.06351
0.06251
0.05925
0.06139
0.06159
0.06138
0.0616
0.05925
0.05925
0.05955
0.06139
0.06062
0.06268
0.05925
0.05925
0.05498
0.06138
0.05712
0.06138
0.06138
0.06352
0.06055
0.05925
0.06228
0.05925
0.05824
0.06139
0.06352
0.06138
0.06139
0.05925
0.05925
0.05925
0.05712
0.05925
0.05925
0.06352
0.05925
0.05875
0.05925
0.06565
0.06565
0.05925
0.0616
0.06139
0.06515
0.06139
0.05925
0.05925
0.06352
0.06351
0.05624
0.05925
0.06052
0.05925
0.06352
0.06055
0.06139
0.06139
0.06038
0.05712
0.05925
0.06267
0.06055
0.06139
0.05498
0.06139
0.06138
0.05925
0.05925
0.05925
0.05925
0.06138
0.06139
0.06351
0.06138
0.06138
0.06139
0.06071
0.05925
0.05927
0.06272
0.06352
0.06228
0.05925
0.06352
0.06352
0.05924
0.06138
0.05836
0.05838
0.05712
0.06037
0.06051
0.05947
0.06055
0.05925
0.06138
0.05925
0.06139
0.05712
0.06371
0.05711
0.05875
0.05925
0.05926
0.06167
0.06014
0.05926
0.06561
0.06351
0.05925
0.06565
0.05498
0.05711
0.05837
0.05924
0.06138
0.06051
0.06139
0.06038
0.06059
0.06138
0.06138
0.05841
0.05925
0.05845
0.06566
0.05925
0.06351
0.05926
0.06491
0.06054
0.06295
0.06199
0.06266
0.05926
0.06353
0.06352
0.06352
0.06139
0.06138
0.05837
0.05656
0.06138
0.06139
0.05925
0.06352
0.05925
0.05925
0.06038
0.06138
0.06352
0.0605
0.05712
0.06138
0.06138
0.06352
0.05924
0.06139
0.06059
0.06138
0.06139
0.06138
0.06352
0.06138
