0.01643
-0.015
-0.01108
-0.00641
-0.00442
-0.00309
0.01445
-4E-05
-0.01376
0.01757
0.01313
0.02375
-0.05109
-0.03588
-0.04909
0.02023
-0.00577
-0.0512
-0.01182
-0.06044
-0.05084
0.02689
0.0069
0.0149
-0.03177
-0.01656
-0.03045
-0.02345
-0.01244
-0.04444
-0.0419
-0.04312
-0.05041
-0.05979
-0.04979
-0.04711
-0.04319
-0.05804
-0.06049
-0.02712
-0.04712
-0.06372
-0.01783
-0.0078
-0.02001
0.00154
0.01753
0.00553
0.00758
0.00159
-0.01108
0.0028
-0.01108
0.01413
0.00224
-0.00775
0.01358
-0.00454
0.00757
-0.0531
0.01576
-0.03509
-0.05709
-0.00776
0.00424
-0.05044
0.00624
-0.04815
0.0309
-0.04411
0.02489
-0.02256
0.01611
-0.01781
-0.00578
-0.03444
-0.04245
-0.03461
-0.0483
-0.06111
-0.03912
-0.02312
-0.07778
-0.06046
-0.06378
-0.04245
-0.07445
-0.03312
-0.04647
-0.04379
-0.03512
-0.0307
-0.02579
-0.00846
-0.01247
-0.01646
0.00616
-0.00042
-0.00841
0.0024
-0.00308
-0.00576
-0.00308
0.01657
0.00425
-0.00576
0.02357
0.01154
-0.0131
-0.0451
-0.04509
0.00032
0.00224
-0.02164
-0.07644
-0.05892
0.0089
0.03489
-0.04097
0.0051
-0.01177
0.01643
-0.03245
0.00022
-0.03245
-0.03644
-0.05911
-0.02712
-0.06958
-0.02911
-0.06578
-0.03846
-0.05756
-0.05124
-0.04312
-0.0531
-0.04131
-0.06712
-0.0318
0.00421
-0.02458
-0.00246
-0.01017
0.00158
-0.0099
0.00159
-0.00841
0.00291
-0.0216
-0.00717
-0.00975
0.01024
0.00025
-0.00242
0.01157
0.02757
-0.04758
-0.0291
-0.0331
0.00224
-0.05843
-0.0141
-0.01177
-0.0689
-0.05443
0.02213
0.0309
-0.02577
0.02889
0.00243
-0.03222
-0.00377
-0.03696
-0.02844
-0.04715
-0.04312
-0.04112
-0.04379
-0.06245
-0.05979
-0.07778
-0.04446
-0.04845
-0.03913
-0.04112
-0.03271
-0.02159
-0.01937
-0.02448
-0.0298
0.02553
0.00354
-0.004
0.01583
-0.02109
-0.00242
0.007
-0.01108
0.00225
-0.00812
0.00021
0.01957
-0.07694
0.00867
0.02358
-0.04309
-0.0041
0.00424
-0.0451
-0.02892
-0.05286
-0.07843
0.01024
0.02889
0.03089
-0.00181
0.00822
-0.04444
0.02174
-0.01878
-0.03845
-0.03256
-0.0339
-0.06578
-0.06779
-0.03512
-0.05103
-0.04645
-0.07645
-0.06845
-0.06245
-0.04716
-0.04713
-0.03113
-0.01788
-0.03644
-0.00931
0.00753
0.00753
-0.00442
0.00159
-0.00446
-0.0089
-0.00308
-0.01709
-0.00909
-0.00176
-0.00527
-0.00643
-0.00641
0.01558
0.01976
-0.05909
-0.0491
-0.0351
-0.02777
0.00423
-0.04417
-0.03358
-0.00956
-0.06292
0.01286
0.01289
0.00822
0.0249
0.00019
0.00246
-0.02845
-0.03844
-0.04648
-0.04312
-0.05311
-0.02901
-0.08179
-0.05758
-0.04657
-0.05036
-0.0471
-0.03113
-0.06445
-0.04112
-0.01779
-0.05391
-0.03244
-0.04633
0.00159
0.00753
0.00153
0.00558
-0.00647
-0.00833
-0.00109
0.00285
-0.001
0.00424
0.00824
-0.01175
0.01157
0.03357
0.01358
-0.0431
-0.0551
0.00024
0.00823
-0.0451
0.00623
-0.05044
-0.04444
-0.03922
0.01686
-0.01777
0.03289
0.0129
-0.02178
-0.00178
-0.04845
-0.02648
-0.05915
-0.03444
-0.0279
-0.04912
-0.06178
-0.05378
-0.03978
-0.06124
-0.0577
-0.05646
-0.02921
-0.05512
-0.01516
-0.03858
-0.02779
-0.0503
-0.00246
-0.03046
-0.00471
0.0088
0.02595
0.02158
-0.00357
-0.005
-0.00154
0.00025
-0.00375
-0.00277
0.02357
0.02157
-0.03756
0.02558
-0.0451
-0.04988
0.01024
-0.00776
-0.00277
-0.04444
-0.02644
-0.04078
0.00486
0.0369
0.0189
-0.00733
0.00422
-0.01578
-0.03044
-0.01244
-0.0451
-0.04579
-0.04711
-0.05311
-0.03515
-0.05782
-0.04446
-0.04724
-0.03857
-0.03113
-0.04471
-0.04713
-0.04597
-0.0318
0.00217
-0.01983
0.00353
0.01154
-0.01042
0.01553
0.0068
-0.00441
-0.02078
-0.00774
-0.00175
0.00306
-0.00775
-0.00575
0.01957
0.00312
-0.04709
0.00558
-0.03358
-0.05909
-0.01177
-0.00576
-0.01176
0.00974
-0.05115
-0.05044
-0.05017
0.0409
0.02654
-0.00578
-0.05323
-0.00781
-0.00423
-0.04696
-0.04244
-0.02712
-0.05511
-0.04578
-0.05915
-0.07379
-0.05778
-0.04646
-0.06045
-0.04846
-0.06316
-0.06113
-0.03916
-0.0178
-0.0498
0.02683
-0.0338
0.0135
0.01158
0.01553
0.00358
-0.00936
-0.01309
0.01159
-0.00109
0.01225
0.01047
-0.00775
0.01758
-0.0291
-0.04313
0.03456
0.00358
-0.01455
0.00423
-0.0271
0.00258
-0.05444
-0.06847
-0.06443
0.00489
0.01011
0.0209
-0.02757
-0.00777
-0.00578
-0.05244
-0.02045
-0.04444
-0.05912
-0.03903
-0.06779
-0.03736
-0.07778
-0.0623
-0.05924
-0.05361
-0.04625
-0.06891
-0.06312
-0.04112
-0.03896
-0.03656
-0.00276
-0.04179
0.02953
-0.00047
0.00173
0.0168
-0.02109
0.00558
0.00691
-0.01576
-0.00309
0.01424
0.00952
0.00957
0.00757
-0.00776
-0.0451
-0.04894
-0.0531
-0.00402
0.01623
-0.07095
-0.03922
-0.02044
-0.01877
0.02468
0.03089
0.02486
-0.00178
0.00258
-0.01178
-0.0196
-0.03036
-0.00845
-0.03912
-0.04412
-0.04112
-0.03179
-0.06379
-0.07679
-0.05446
-0.06025
-0.04513
-0.06124
-0.05513
-0.0418
-0.03369
-0.0358
-0.04058
-0.00447
-0.0085
-0.01912
-0.00142
0.00558
0.01158
-0.00509
-0.00512
-0.00888
0.01024
0.00424
-0.00376
0.01357
0.02357
0.01157
-0.0231
0.00223
-0.00777
-0.0531
-0.05988
-0.00977
-0.03847
-0.04644
0.02089
-0.03843
0.01289
0.02089
-0.01778
0.00022
-0.00178
-0.02445
-0.05045
-0.0299
-0.02826
-0.05112
-0.05712
-0.07857
-0.05179
-0.06779
-0.07124
-0.03046
-0.04313
-0.03846
-0.03513
-0.0098
-0.05913
-0.01458
0.01181
-0.02447
-0.03258
0.00553
0.00093
-0.00242
-0.00069
-0.00309
0.00312
0.00558
0.00624
-0.01176
-0.00039
0.02357
-0.0491
-0.0431
0.01957
0.00557
-0.0511
0.00023
-0.00577
0.01023
-0.03444
-0.05644
-0.05444
0.02689
0.03713
0.04489
-0.01826
-0.01645
0.00022
-0.01578
-0.04645
-0.04245
-0.04715
-0.05057
-0.04112
-0.05955
-0.05979
-0.03512
-0.05446
-0.05324
-0.06097
-0.03913
-0.05513
-0.04113
-0.0318
-0.02572
-0.04243
0.00084
0.01953
0.00358
0.01753
0.00312
-0.00293
-0.00909
0.01491
0.01291
0.00824
-0.00576
0.00957
0.01024
0.01879
0.02428
-0.0411
-0.0351
-0.0401
-0.00577
-0.00177
-0.00777
-0.05044
-0.06847
-0.05644
0.00776
0.04489
0.00721
-0.00578
0.01289
0.00822
-0.02845
-0.02045
-0.01445
-0.0407
-0.05515
-0.03237
-0.05579
-0.05979
-0.06246
-0.04661
-0.03446
-0.04909
-0.03513
-0.06113
-0.05513
-0.0318
-0.02972
0.00174
-0.0518
-0.00247
0.01353
0.00579
0.00653
-0.00909
0.00492
0.00169
-0.00109
-0.00576
0.00624
-0.00776
0.01357
-0.0311
-0.03388
0.03793
-0.04988
0.00757
-0.00777
-0.01946
0.00223
-0.05044
0.02689
-0.03844
-0.04444
0.01689
0.01689
0.00121
-0.02245
-0.00978
-0.01178
-0.02845
-0.03323
-0.03512
-0.04712
-0.04179
-0.02775
-0.04379
-0.04779
-0.06846
-0.03846
-0.03111
-0.05492
-0.03713
-0.0218
-0.0178
-0.00447
-0.05505
-0.0278
0.00753
0.00353
0.00958
0.01958
0.00758
-0.01491
-0.01517
-0.00909
-0.00176
0.01024
0.00357
0.02754
-0.00576
0.00157
-0.04889
-0.04901
-0.0321
-0.00577
0.0122
-0.01377
-0.03844
-0.06457
-0.05347
0.02211
0.02489
0.01489
-0.02381
-0.00778
-0.01658
-0.02848
-0.04645
-0.0679
-0.01292
-0.06179
-0.04512
-0.0527
-0.05579
-0.06379
-0.06581
-0.04846
-0.04913
-0.06446
-0.0258
-0.04113
-0.07113
-0.02453
-0.0198
-0.0005
-0.00114
-0.01847
0.00558
0.02253
-0.00445
0.00491
-0.00709
0.00424
-0.00776
-0.00709
-0.01576
0.01557
0.01157
0.01399
-0.0371
-0.02913
-0.0491
-0.02169
0.01647
-0.04444
-0.00735
-0.03444
0.01489
-0.04844
0.01489
0.03222
0.0003
0.00622
-0.00378
-0.03242
-0.05712
-0.01645
-0.03545
-0.03315
-0.06512
-0.05579
-0.04182
-0.04846
-0.05779
-0.04497
-0.03113
-0.07446
-0.05181
-0.05913
-0.0138
-0.03383
-0.00047
0.02562
0.00553
-0.04031
-0.0009
0.00758
-0.00909
0.01582
0.00024
-0.02036
-0.00709
0.00624
-0.00224
0.01757
0.00757
0.02157
-0.04909
-0.0411
-0.00777
-0.04492
-0.05044
-0.01067
-0.04843
0.00772
-0.04644
0.02489
0.02023
0.01689
-0.01778
0.00219
-0.02645
-0.04048
-0.02343
-0.02178
-0.06712
-0.04515
-0.04512
-0.04179
-0.04046
-0.04343
-0.06561
-0.06342
-0.03924
-0.03513
-0.03113
-0.04013
-0.0358
-0.0318
-0.00847
-0.01256
-0.00447
0.0083
-0.00042
0.0008
-0.00909
0
-0.01508
-0.01211
-0.00024
0.00424
0.02357
-0.00576
0.02157
0.01757
-0.04214
-0.0411
-0.03513
-0.00177
-0.01177
-0.00277
-0.03044
-0.06444
-0.0462
0.01689
0.02243
-0.02378
0.02952
-0.01378
-0.01778
-0.03422
-0.03445
-0.03045
-0.04491
-0.05715
-0.05979
-0.03312
-0.05379
-0.04025
-0.08249
-0.05646
-0.04313
-0.05916
-0.04646
-0.04516
-0.0458
-0.0298
-0.0278
0.00153
-0.02247
0.0015
0.02158
0.00758
0.00358
-0.00909
-0.01109
-0.00709
-0.00976
0.01357
-0.00376
-0.00576
0.03157
0.02557
-0.0371
-0.0511
-0.0471
0.01423
0.00823
-0.00977
-0.05821
-0.0472
0.02236
-0.07244
0.01446
0.02699
-0.01578
-0.00978
-0.00856
-0.03048
-0.03645
-0.04145
-0.05363
-0.03712
-0.04656
-0.05379
-0.04179
-0.05482
-0.08246
-0.06131
-0.06014
-0.02713
-0.04316
-0.0538
-0.03913
-0.02631
-0.0308
0.01153
0.01067
0.00158
0.0155
0.01558
0.02958
0.00888
0.00891
-0.01409
0.00024
0.00221
0.00021
0.00757
0.01679
0.01357
-0.0351
-0.0391
-0.04868
-0.00253
-0.01777
-0.02777
-0.04044
-0.04858
-0.05018
0.02089
0.01389
-0.01178
0.03411
-0.00981
-0.01347
-0.02248
-0.04045
-0.04345
-0.04779
-0.04112
-0.05312
-0.05611
-0.05179
-0.07446
-0.06444
-0.04046
-0.07018
-0.04081
-0.04513
-0.06913
-0.0218
-0.01225
-0.0278
-0.02047
0.00753
-0.01647
0.01758
-0.00042
0.00758
-0.00909
-0.00957
0.02091
-0.00576
0.01924
0.00224
0.00957
0.01879
-0.0411
0.02679
-0.0421
-0.0351
-0.00177
-0.0118
-0.05444
-0.05244
-0.00677
-0.05118
0.02097
0.01713
-0.01778
-0.01578
0.00789
-0.03248
-0.04245
-0.00645
-0.00067
-0.07312
-0.02115
-0.05912
-0.05646
-0.06179
-0.06979
-0.04247
-0.04046
-0.06324
-0.05513
-0.03513
-0.05116
-0.03723
-0.0238
-0.0278
-0.01525
0.01353
-0.00559
0.00958
-0.00709
0.01158
-0.00909
0.00369
-0.00387
0.00224
0.00424
0.01021
0.02557
0.02357
0.01557
-0.04289
-0.0511
-0.04718
0.00064
0.0082
-0.05444
-0.05111
-0.05602
-0.00777
0.03211
-0.00311
0.04289
0.00822
-0.03445
-0.01536
-0.00378
-0.03344
-0.03203
-0.05515
-0.04112
-0.04802
-0.06379
-0.06179
-0.05879
-0.07637
-0.06049
-0.04846
-0.04313
-0.02916
-0.04181
-0.0438
-0.04502
-0.04983
-0.00439
0.00376
0.00158
-0.00247
0.00243
0.00358
-0.02109
0.00123
0.01424
0.00424
-0.00454
-0.01467
0.01757
0.02357
0.01554
-0.0471
-0.0351
0.00423
-0.0531
-0.0058
0.03154
-0.03647
-0.05235
-0.05322
0.02089
0.019
0.02989
-0.01256
-0.00378
-0.01181
-0.02048
-0.0459
-0.03245
-0.01296
-0.05712
-0.04512
-0.05955
-0.04749
-0.06582
-0.06546
-0.04379
-0.08113
-0.05046
-0.01913
-0.0558
-0.0349
-0.02972
-0.0198
-0.00247
0.01953
0.0075
0.00337
-0.0009
-0.00157
-0.01709
-0.00112
-0.01109
0.00424
-0.01376
0.03154
0.00757
0.00021
0.02857
-0.0571
-0.0431
-0.0511
0.00023
0.00062
-0.00977
-0.05869
-0.05392
-0.04044
0.02289
0.01626
0.02715
-0.0385
0.00247
-0.04645
-0.02378
-0.02445
-0.04112
-0.01827
-0.03712
-0.06933
-0.06179
-0.05179
-0.05072
-0.07204
-0.07724
-0.04046
-0.0218
-0.02313
-0.04913
-0.0238
-0.04203
-0.03295
0.01553
-0.01047
-0.01111
0.00579
0.00358
-0.00187
0.00958
0.00813
0.00624
0.00091
0.00221
-0.00346
-0.02243
0.01157
0.01757
-0.0471
-0.0451
-0.01177
-0.03926
-0.01777
-0.04444
-0.03577
-0.03559
-0.04495
0.0171
0.00991
0.00889
-0.01178
-0.0097
-0.03248
-0.01378
-0.02245
-0.03523
-0.05685
-0.06912
-0.0499
-0.06379
-0.06179
-0.05568
-0.03446
-0.04046
-0.07913
-0.07246
-0.04513
-0.04301
-0.0218
0.00753
-0.02447
-0.0238
-0.0218
0.02353
0.00155
-0.00242
-0.00709
0.01155
0.00291
-0.00709
-0.01076
0.00224
-0.00379
0.00957
0.02957
-0.0511
0.01957
-0.0491
-0.00777
-0.0511
-0.01177
-0.00177
-0.04844
-0.05544
-0.05444
0.04611
0.02889
0.03489
-0.00056
-0.00581
0.00031
-0.03245
-0.02445
-0.02508
-0.04489
-0.05601
-0.04912
-0.04579
-0.05579
-0.05179
-0.07646
-0.05646
-0.06246
-0.03713
-0.06713
-0.0438
-0.04183
-0.0378
-0.0288
-0.00647
0.00241
0.02553
-0.00042
0.01558
-0.00709
-0.00842
-0.00409
-0.01312
-0.02221
0.01224
0.00224
-0.00043
0.01157
-0.00043
-0.0271
-0.02961
0.00823
-0.0471
0.01042
0.00123
-0.05444
-0.05044
-0.03844
0.01089
0.02689
0.01289
-0.02578
-0.00178
0.01422
-0.02793
-0.01645
-0.02645
-0.04912
-0.03715
-0.04512
-0.06779
-0.04779
-0.02379
-0.04246
-0.05161
-0.05513
-0.04271
-0.06446
-0.02902
-0.0378
-0.0358
0.0062
-0.01247
-0.01047
-0.01247
-0.00242
-0.00619
0.01658
0.01091
-0.00709
-0.00309
-0.00576
-0.00854
0.01724
0.00957
0.01157
0.01112
-0.0351
-0.0391
-0.0431
-0.01577
0.00823
-0.01577
-0.03044
-0.04847
-0.05098
0.01889
0.01289
0.03289
-0.0057
0.01558
-0.05245
-0.00978
-0.04512
-0.03845
-0.01245
-0.02912
-0.0323
-0.06312
-0.04679
-0.05846
-0.06246
-0.04979
-0.05313
-0.0533
-0.03113
-0.03313
-0.0278
-0.0598
-0.00847
-0.0138
0.00574
0.00779
0.02038
0.01358
0.00758
-0.00909
0.00691
0.00624
-0.00376
-0.00509
0.0003
0.01257
0.01765
0.00957
-0.0441
-0.0551
-0.00377
-0.04513
-0.00377
-0.01877
-0.05325
-0.0452
-0.04822
0.02289
0.02289
0.01636
-0.01178
-0.01378
-0.02323
-0.01581
-0.04915
-0.01845
-0.05912
-0.02345
-0.04379
-0.04278
-0.07579
-0.04246
-0.06046
-0.05179
-0.05289
-0.03513
-0.05427
-0.02294
-0.0418
-0.01858
-0.0278
0.01753
0.00553
0.00359
0.00353
-0.00308
-0.01908
0.00959
0.00759
-0.00108
-0.00854
0.01025
0.01505
0.00778
0.00554
0.00358
-0.06513
-0.03909
-0.03909
-0.00376
-0.04528
-0.0178
-0.05243
0.00424
-0.05443
0.00098
0.0189
-0.01777
-0.00777
-0.00181
0.0069
-0.02644
-0.04644
-0.03489
-0.07719
-0.0479
-0.04578
-0.06631
-0.04378
-0.02778
-0.02845
-0.04512
-0.07245
-0.06645
-0.04112
-0.03579
-0.04912
-0.03779
-0.02979
-0.00925
-0.03646
0.00154
-0.00441
0.00159
0.00959
-0.01308
-0.02987
-0.01308
-0.00775
-0.00599
-0.00575
-0.00975
0.02558
0.02158
-0.05109
-0.02709
-0.03709
0.00024
-0.02376
-0.00776
-0.06843
-0.04043
-0.07043
0.0289
0.01623
-0.03577
0.0169
-0.04844
-0.04244
-0.00577
-0.01056
-0.03444
-0.07111
-0.05111
-0.05311
-0.04978
-0.04546
-0.06178
-0.05445
-0.03845
-0.06645
-0.02391
-0.05292
-0.03579
-0.06912
-0.04179
-0.01179
-0.0185
0.01159
-0.01446
-0.0012
0.01754
-0.00508
-0.00641
0.00088
-0.00375
0.02558
-0.00912
-0.00575
-0.00654
-0.00042
0.02358
-0.04303
-0.03909
-0.04709
-0.0154
0.00024
-0.00576
-0.06443
-0.05843
-0.04122
0.0029
-0.01177
0.0269
-0.01577
0.0189
0.00432
-0.04244
-0.05711
-0.04711
-0.02044
-0.03444
-0.03711
-0.05978
-0.03978
-0.05778
-0.06445
-0.05845
-0.07791
-0.05645
-0.05364
-0.06512
-0.06779
-0.06579
-0.01446
-0.01046
0.00154
-0.03172
-0.01441
0.00959
0.00759
-0.00508
-0.00175
-0.0156
-0.01575
-0.02908
-0.01375
0.02158
0.01758
0.03358
-0.03709
-0.04309
-0.04709
-0.00976
0.01024
-0.01376
-0.04443
-0.0652
0.0169
-0.03843
0.0369
0.00811
-0.04177
-0.01977
0.00223
-0.05244
-0.02444
-0.00044
-0.07111
-0.06111
-0.03511
-0.08178
-0.04978
-0.07845
-0.06178
-0.06112
-0.04845
-0.06245
-0.05112
-0.04712
-0.05034
-0.03579
-0.01846
-0.00379
-0.01846
0.00154
-0.01241
0.00159
-0.00041
0.00092
0.00292
-0.01708
-0.00175
-0.01575
0.00225
0.00758
0.01158
0.02958
-0.06709
-0.05109
-0.04109
-0.01776
-0.02176
-0.04843
0.00624
0.00999
-0.04122
-0.07043
0.0169
0.0209
-0.0243
-0.01777
-0.04244
0.00023
-0.06044
0.00156
-0.06915
-0.05911
-0.05178
-0.05578
-0.04311
-0.07378
-0.06845
-0.06645
-0.02645
-0.06991
-0.02179
-0.04452
-0.05312
-0.04179
-0.01383
-0.00246
-0.00962
0.01159
0.01759
0.01118
-0.01387
0.00292
0.01323
-0.00708
-0.00175
-0.00375
0.00425
0.01079
0.01758
0.00558
-0.05309
-0.04309
0.00424
-0.04713
-0.04643
-0.01099
-0.05643
0.02224
-0.06643
0.0289
0.0029
0.0189
-0.04644
-0.02377
0.00223
-0.00627
-0.03448
-0.06444
-0.05111
-0.03115
-0.04978
-0.04378
-0.06711
-0.05978
-0.06445
-0.07045
-0.06845
-0.05512
-0.06312
-0.02579
-0.05112
-0.05979
-0.04379
-0.01246
0.01154
-0.00508
0.02954
0.01559
0.01159
-0.00641
-0.01187
0.0009
-0.00708
0.01158
0.01025
0.00225
0.01558
0.01958
-0.04509
-0.03509
-0.04709
-0.02576
0.00224
0.0022
-0.04843
-0.03843
-0.05643
0.0009
0.0229
0.01357
-0.02777
0.00023
0.00031
-0.03644
-0.04844
-0.01044
-0.0439
-0.05111
-0.06511
-0.06978
-0.06778
-0.05445
-0.06178
-0.06039
-0.07116
-0.07045
-0.04512
-0.04712
-0.02779
-0.02579
-0.02849
-0.00686
0.00154
-0.00293
0.00555
0.00101
0.00359
-0.00308
-0.01187
-0.01508
0.00025
0.01021
0.00958
0.00025
0.00558
0.02154
-0.00776
-0.04509
-0.06509
-0.06309
-0.00776
-0.01376
-0.07043
0.0089
-0.05242
-0.05299
-0.01777
0.0249
0.0329
-0.00577
-0.03644
-0.01777
-0.03244
-0.03424
-0.05515
-0.04511
-0.06511
-0.0623
-0.06778
-0.02961
-0.03645
-0.05378
-0.07645
-0.06112
-0.05512
-0.03858
-0.03912
-0.05658
0.00354
-0.03979
-0.00446
0.00675
0.00159
-0.00108
-0.01575
0.00759
-0.00908
0.00292
-0.00241
0.01625
-0.00266
0.02758
-0.00242
0.03758
-0.04909
-0.05309
-0.04909
-0.00828
0.00624
-0.05243
-0.06443
-0.06443
0.00133
0.0189
0.0049
0.0149
-0.01977
0.00574
-0.04844
-0.03177
-0.05323
-0.03444
-0.06511
-0.05378
-0.03711
-0.0479
-0.04578
-0.06578
-0.04645
-0.05445
-0.07245
-0.05712
-0.04712
-0.05312
-0.04579
-0.01979
-0.05379
0.03075
0.01554
-0.0105
0.01359
-0.00041
-0.00508
0.00359
-0.01708
-0.00575
0.01025
-0.00999
0.01679
0.01358
-0.00175
0.02558
-0.03646
-0.04889
-0.04109
-0.00976
-0.03553
-0.05843
-0.02576
-0.05643
-0.05843
0.0189
0.0029
-0.0031
-0.00177
-0.02181
-0.00977
-0.04293
-0.03244
-0.04711
-0.05711
-0.06915
-0.02644
-0.05778
-0.05178
-0.03178
-0.04999
-0.06724
-0.07312
-0.04512
-0.04645
-0.07512
-0.03979
-0.02439
-0.03979
0.00954
0.01154
0.00959
-0.01641
0.00554
-0.00708
-0.00708
0.01359
0.00092
-0.01379
-0.01175
-0.00375
0.03158
0.01558
-0.05109
0.02158
-0.04509
-0.02655
-0.04435
-0.0038
0.00159
-0.06823
-0.04843
0.0329
-0.05443
0.0189
0.0189
0.00623
0.00023
0.01223
-0.01844
-0.02844
-0.05311
-0.03911
-0.02817
-0.03311
-0.07778
-0.05578
-0.07245
-0.07049
-0.05455
-0.05446
-0.05312
-0.03913
-0.02313
-0.02979
-0.03179
-0.06379
-0.02417
-0.02646
0.00359
0.01154
0.00159
-0.00508
0.01359
-0.00509
0.01225
0.01092
-0.01376
-0.01143
0.01358
0.01758
0.03358
-0.01176
-0.04961
-0.03509
-0.04309
-0.00976
-0.00976
-0.06043
-0.05095
-0.04243
0.0269
0.01606
0.01455
-0.02577
-0.00377
-0.02244
-0.05844
0.00423
-0.02644
-0.06806
-0.04657
-0.03556
-0.08378
-0.04244
-0.08445
-0.04857
-0.05123
-0.05611
-0.06512
-0.09112
-0.04912
-0.01379
-0.00846
-0.06179
-0.04379
-0.00246
0.02094
0.00759
-0.00641
-0.00841
-0.00886
0.00492
-0.01508
-0.00775
-0.00175
-0.00175
0.00358
0.02358
0.02158
-0.05709
0.00024
-0.04414
-0.04709
-0.01376
0.01423
-0.04843
-0.03643
-0.06043
0.0149
0.01286
-0.01167
0.0309
-0.00981
-0.02377
-0.05044
-0.01044
-0.02844
-0.05691
-0.05711
-0.04511
-0.06578
-0.0529
-0.06178
-0.06245
-0.07045
-0.05316
-0.03112
-0.04845
-0.02913
-0.02579
-0.02979
-0.01979
-0.02046
0.00753
0.00959
-0.00646
0.00359
-0.00708
-0.00241
0.00492
-0.01108
-0.00975
-0.00175
-0.00375
0.00158
0.00957
-0.06509
-0.04309
0.02358
-0.0411
0.00024
0.01223
-0.00576
-0.05043
-0.05443
0.01086
-0.04447
0.03486
0.0089
-0.00377
-0.02577
-0.02381
-0.03044
-0.03844
-0.03911
-0.02644
-0.05751
-0.04578
-0.05111
-0.07578
-0.06378
-0.05445
-0.07845
-0.08045
-0.07702
-0.06504
-0.04716
-0.03779
-0.03579
-0.00772
-0.01779
0.01353
0.00159
-0.01846
0.01159
0.00359
0.00292
-0.00908
-0.00772
-0.00975
-0.00775
0.01358
0.00224
0.01157
0.00958
-0.03709
-0.05388
-0.04909
-0.01356
0.00424
0.00824
-0.04243
-0.05443
-0.05643
0.0069
0.0369
-0.01977
-0.03177
0.0109
-0.01977
-0.02644
-0.04724
-0.03644
-0.04911
-0.06111
-0.05578
-0.0599
-0.05978
-0.05179
-0.05445
-0.05112
-0.07382
-0.05845
-0.04712
-0.06512
-0.02979
-0.01379
-0.01246
0.00754
-0.02379
0.00558
-0.00041
0.00354
0.0168
-0.00508
0.00692
-0.00708
0.00025
-0.00028
0.02358
0.02025
0.01358
0.01958
-0.05909
-0.05109
-0.04309
0.00046
-0.01639
-0.00176
-0.05465
-0.05844
-0.04643
0.00836
0.03425
0.0289
-0.00777
-0.01977
-0.00844
-0.04044
-0.00381
-0.03622
-0.0439
-0.05711
-0.06578
-0.04778
-0.06111
-0.05446
-0.06645
-0.07057
-0.04636
-0.05312
-0.06512
-0.02912
-0.01979
-0.02828
-0.02579
-0.00446
-0.0225
0.01976
-0.00068
0.00959
0.01759
-0.00308
-0.00708
-0.01375
-0.00975
-0.0031
0.00092
0.02158
0.02158
0.01758
-0.05509
-0.0291
-0.04709
-0.00754
-0.00776
-0.01376
-0.05043
-0.04587
-0.04643
0.0049
0.03689
0.0209
-0.01181
-0.00177
-0.00777
-0.03644
-0.04523
-0.06911
-0.02244
-0.05112
-0.04112
-0.06378
-0.04066
-0.07178
-0.09245
-0.04825
-0.07645
-0.01912
-0.02516
-0.04512
-0.03379
-0.01979
-0.03579
0.02553
-0.00446
0.01554
-0.00041
-0.00041
0.01096
0.01288
-0.01375
-0.01108
-0.00575
0.00221
-0.00508
0.01158
0.01358
0.02757
-0.03929
-0.03909
-0.0291
0.01024
-0.00776
-0.01576
-0.04643
-0.05474
0.0229
-0.05522
0.0089
0.02211
0.00823
-0.02781
-0.00977
-0.05844
-0.02048
-0.02893
-0.05511
-0.05912
-0.04778
-0.02504
-0.05979
-0.07418
-0.05246
-0.06215
-0.06445
-0.06112
-0.07712
-0.03379
-0.02846
-0.04512
-0.04379
-0.00579
-0.00446
0.0215
-0.00663
-0.00441
-0.00308
-0.00787
0.01159
-0.00508
-0.00254
-0.01575
0.00757
0.01358
-0.00575
0.00769
-0.07109
-0.04563
-0.04109
-0.00576
-0.0522
-0.01376
0.01223
-0.04843
-0.04247
0.0329
0.03211
0.01686
-0.02577
-0.03844
-0.04044
0.00022
-0.00777
-0.03444
-0.04711
-0.04481
-0.05111
-0.06178
-0.05878
-0.0638
-0.04645
-0.05547
-0.05113
-0.06112
-0.03512
-0.03913
-0.03379
-0.04058
0.00428
-0.02446
-0.00242
-0.00046
0.02554
0.01759
-0.00708
-0.01108
0.00359
0.00092
0.00225
-0.01975
-0.00175
0.01358
0.02158
0.02558
-0.04309
-0.03531
-0.03709
-0.02376
-0.00176
-0.04843
0.0142
-0.05843
0.0149
-0.03843
0.0229
-0.01377
0.0085
-0.00781
-0.00977
-0.05044
-0.02644
-0.05911
-0.04323
-0.07311
-0.04503
-0.06778
-0.05974
-0.04778
-0.06161
-0.07845
-0.05512
-0.02116
-0.02179
-0.06645
-0.06712
-0.04579
-0.02979
0.00754
0.01954
0.00154
-0.00641
0.00901
0.02166
0.01092
0.00491
0.00025
-0.00242
-0.00109
-0.00975
0.00225
0.01279
0.02358
-0.04709
-0.04509
-0.00168
-0.04957
-0.00177
0.00444
-0.05722
-0.06443
-0.06243
-0.0071
0.02889
-0.01378
0.01889
-0.01977
-0.01456
-0.02844
-0.04245
-0.02244
-0.0599
-0.03912
-0.05779
-0.02112
-0.04579
-0.04979
-0.05849
-0.03793
-0.05246
-0.04912
-0.05313
-0.07191
-0.04579
-0.03779
-0.00762
-0.05458
-0.02447
-0.03046
0.01358
-0.00242
-0.00442
0.00092
-0.00109
-0.01508
-0.01576
-0.00375
0.00357
-0.01376
0.01358
0.0075
-0.0491
-0.0491
-0.0331
-0.01576
0.01624
-0.00166
-0.05443
-0.03444
-0.04843
0.02689
0.0149
0.01289
-0.01578
-0.00977
-0.00578
-0.06244
-0.04045
-0.0296
-0.06311
-0.06111
-0.04369
-0.08457
-0.05979
-0.05978
-0.06046
-0.05246
-0.05546
-0.05912
-0.03813
-0.05912
-0.04375
-0.0338
-0.03379
0.01353
-0.0125
-0.00641
0.01753
0.00358
-0.00042
-0.00062
-0.01309
0.01625
-0.01112
-0.00175
0.01757
0.02157
-0.01376
0.01558
-0.0571
-0.0531
-0.04313
0.00623
0.00224
-0.04043
-0.00177
-0.05244
-0.06922
0.0329
0.00489
0.00611
-0.01777
0.00622
-0.01578
-0.04244
-0.03323
-0.04123
-0.05312
-0.05111
-0.06978
-0.0369
-0.06512
-0.07379
-0.05446
-0.07124
-0.05513
-0.06445
-0.0398
-0.05912
-0.06113
-0.0238
-0.03126
0.02275
-0.03047
-0.00441
-0.01047
0.00558
-0.00709
0.01958
-0.00708
0.00691
0.01424
0.00624
-0.02375
0.02158
-0.00643
-0.05109
0.01157
-0.0491
-0.04709
-0.01977
0.01423
-0.01777
-0.06023
-0.06244
-0.00911
-0.05844
-0.01178
0.01289
0.0029
-0.01378
-0.00177
-0.03444
-0.04248
-0.06311
-0.02945
-0.06978
-0.02911
-0.06911
-0.06178
-0.06429
-0.07445
-0.03846
-0.06113
-0.05645
-0.04513
-0.04312
-0.0398
-0.02571
-0.02579
0.00154
-0.01446
0.00158
0.00953
0.00358
-0.00641
0.00291
-0.00308
-0.00077
-0.00376
0.01554
-0.01454
-0.01776
0.02501
0.02281
-0.0511
-0.04289
-0.00177
-0.02709
-0.01376
-0.00777
-0.06296
-0.0362
-0.03644
0.02089
0.02889
0.00142
0.02689
-0.00778
-0.00578
-0.02844
-0.03045
-0.04511
-0.02244
-0.04912
-0.06579
-0.04979
-0.03311
-0.04771
-0.06445
-0.03646
-0.04446
-0.05513
-0.04391
-0.05189
-0.01779
-0.07058
-0.0218
-0.00847
-0.01247
0.00154
-0.01042
0.01159
0.00897
0.00092
-0.007
0.00091
-0.01175
-0.00975
-0.02375
0.01358
0.03357
0.01757
-0.05388
-0.05709
-0.06909
-0.02176
0.00024
0.00145
-0.05443
-0.0602
-0.04643
0.00889
0.01289
-0.00377
0.01181
-0.00977
-0.01378
-0.03091
-0.05044
-0.03844
-0.07111
-0.04711
-0.03111
-0.05979
-0.06701
-0.09979
-0.04379
-0.03846
-0.05646
-0.05512
-0.03113
-0.05658
-0.0278
-0.00626
-0.04313
-0.02579
-0.00447
-0.00039
-0.01242
-0.00509
-0.00242
0.00993
0.01213
-0.00708
-0.00975
-0.00979
-0.00775
0.01279
0.01757
-0.00042
-0.0491
-0.0271
-0.04709
-0.01177
0.00423
-0.00576
-0.04247
-0.06843
-0.06644
0.01611
0.0009
0.01298
0.00622
-0.01777
-0.01445
0.00819
-0.03045
-0.06111
-0.04645
-0.04957
-0.05115
-0.06257
-0.06894
-0.06579
-0.06445
-0.07646
-0.07445
-0.06112
-0.04712
-0.03512
-0.02437
-0.0398
-0.01247
-0.01047
-0.00783
0.00558
-0.01247
0.00558
-0.00909
-0.00641
-0.00909
-0.01908
0.00424
0.01825
-0.00975
0.00757
0.02757
-0.00042
-0.0451
-0.05509
-0.03909
-0.01177
0.01423
-0.00776
-0.06443
-0.04844
-0.04843
0.01889
0.00211
0.02089
0.00707
-0.00656
-0.01144
-0.04644
-0.04021
-0.06044
-0.04915
-0.05115
-0.05511
-0.06178
-0.06378
-0.04778
-0.05845
-0.03646
-0.03092
-0.05246
-0.05313
-0.0478
-0.05892
0.00354
-0.01925
-0.0458
0.02153
-0.0218
-0.00765
0.01055
-0.00109
0.01091
0.00959
0.00492
-0.00576
-0.00575
-0.02575
0.01377
-0.03913
0.01358
0.02357
0.00345
-0.0571
-0.0571
-0.01255
-0.04244
-0.01777
-0.06044
-0.05559
0.00489
0.03611
0.02438
0.00051
-0.0143
-0.00829
-0.04244
-0.05044
-0.05311
-0.04845
-0.06179
-0.03711
-0.02958
-0.06178
-0.07094
-0.05845
-0.06198
-0.05845
-0.03913
-0.06713
-0.02712
-0.0238
-0.01179
-0.0298
0.00154
0.02153
0.01353
0.00558
-0.01441
-0.0012
0.01691
-0.00308
-0.00509
-0.01175
-0.00975
-0.00976
0.00957
0.00558
-0.0571
0.02357
-0.0571
-0.03656
0.00424
-0.00777
0.00024
-0.06044
-0.04843
-0.04444
0.01889
0.0309
0.0171
-0.02378
-0.01378
-0.03644
-0.01954
-0.03245
-0.02044
-0.05511
-0.08312
-0.06111
-0.06578
-0.04779
-0.04779
-0.06646
-0.03445
-0.05246
-0.06512
-0.02512
-0.03779
-0.03379
-0.01579
-0.03312
-0.013
-0.01446
-0.00247
-0.00641
0.0208
-0.01908
0.00359
-0.00108
0.01292
-0.01854
0.01025
0.00225
0.01378
0.01758
-0.04709
0.00358
-0.00976
-0.03588
-0.01176
-0.04909
0.00576
-0.04443
-0.07443
-0.05043
0.0269
-0.00264
0.0089
-0.01577
-0.02177
-0.00829
-0.03844
-0.03111
-0.04644
-0.03079
-0.0639
-0.03911
-0.03378
-0.04578
-0.08245
-0.04869
-0.07045
-0.06445
-0.03912
-0.06312
-0.04779
-0.04312
-0.04183
-0.06179
-0.01046
-0.01046
-0.02246
-0.00415
-0.00441
-0.01912
0.02359
-0.00987
0.00692
-0.00375
-0.01775
-0.00775
0.00358
0.01758
-0.05909
0.01178
-0.04109
-0.04388
-0.02376
0.00224
0.00267
-0.06243
-0.06243
-0.06243
0.0369
-0.02581
0.0189
0.02011
-0.04044
-0.01577
-0.00981
-0.03244
-0.03923
-0.04763
-0.06911
-0.09578
-0.05382
-0.05511
-0.05778
-0.07045
-0.04836
-0.07512
-0.06045
-0.05712
-0.04979
-0.04698
-0.03359
-0.06422
0.00954
-0.03646
0.0088
0.00583
-0.02646
0.01359
-0.00708
-0.01512
-0.01975
-0.0174
-0.01175
0.01158
-0.00908
0.01679
-0.05909
-0.04588
0.02017
-0.05909
-0.01976
-0.00576
-0.00976
-0.05643
0.03211
-0.03843
0.01286
-0.01777
0.0151
-0.05522
-0.02977
-0.01841
-0.01644
-0.03491
-0.02444
-0.03511
-0.03363
-0.07511
-0.07978
-0.06978
-0.05346
-0.08445
-0.05045
-0.08045
-0.04712
-0.04912
-0.06112
-0.00246
-0.02779
-0.04779
-0.01525
-0.03579
-0.02041
0.00675
-0.00041
0.01159
-0.02708
-0.00508
0.01025
-0.00575
-0.01987
-0.00975
0.00958
-0.00521
-0.04709
0.00679
-0.05109
-0.04509
-0.01376
-0.00576
-0.04043
-0.01376
-0.05647
0.02211
-0.04643
0.0169
0.00286
-0.01577
-0.01577
-0.04444
-0.03377
-0.03844
-0.00444
-0.04911
-0.08978
-0.06778
-0.05954
-0.06821
-0.05778
-0.06649
-0.05645
-0.04645
-0.08112
-0.05752
-0.01058
-0.04772
-0.03159
-0.05579
0.01954
-0.02646
0.01554
0.00159
0.00759
-0.00213
-0.01472
-0.00688
0.00312
-0.00775
0.00225
0.00154
0.01425
0.00358
-0.00242
-0.07309
-0.03131
-0.03754
-0.03376
-0.00776
-0.00776
-0.05247
-0.06043
-0.04443
0.0169
-0.00777
0.0089
0.0149
-0.00777
-0.03844
-0.01056
-0.03044
-0.03044
-0.05311
-0.0559
-0.05911
-0.06578
-0.05578
-0.06578
-0.04645
-0.05124
-0.05845
-0.05912
-0.06712
-0.05512
-0.04379
-0.03179
-0.03891
-0.02646
0.01154
0.00354
-0.00644
0.00159
-0.00908
-0.02108
-0.01808
-0.00375
-0.00478
0.00225
-0.00175
0.00558
0.00358
0.02154
-0.04162
-0.03913
-0.04309
-0.0318
-0.06843
-0.02376
-0.05443
-0.00055
-0.06243
0.0209
0.0069
0.0289
-0.03181
0.00031
-0.01656
-0.06844
-0.04844
-0.06644
-0.0979
-0.08535
-0.06111
-0.05711
-0.06578
-0.06445
-0.05578
-0.05845
-0.08312
-0.05112
-0.05405
-0.06045
-0.06712
-0.03979
-0.02379
-0.01646
-0.03846
-0.01046
-0.00241
0.00359
-0.00041
-0.00508
-0.01312
0.00492
0.00225
0.00134
-0.00121
0.00425
0.01958
0.01358
-0.06681
-0.05509
-0.00376
-0.01164
-0.00776
-0.05709
-0.06647
-0.05443
-0.05243
-0.00058
0.0189
0.0209
-0.00781
-0.02256
-0.00456
-0.04923
-0.04844
-0.03044
-0.03711
-0.07111
-0.0556
-0.06657
-0.03978
-0.06045
-0.03778
-0.07924
-0.07445
-0.07312
-0.03912
-0.04779
-0.03179
-0.06591
-0.04579
-0.02646
0.00554
-0.00325
0.00355
0.01759
0.00959
-0.01387
-0.00908
-0.01508
-0.02375
-0.00775
-0.00375
0.01558
0.01358
0.00558
-0.05109
-0.05309
-0.04509
0.00545
-0.01055
0.00824
-0.04643
-0.04443
0.0169
-0.05047
0.0109
0.0049
-0.01977
0.00423
-0.02777
-0.05844
-0.04323
-0.02444
-0.04711
-0.05311
-0.06178
-0.04915
-0.07978
-0.05425
-0.05445
-0.06178
-0.05524
-0.02112
-0.06512
-0.02312
-0.04979
-0.05183
-0.01046
0.00154
-0.03179
-0.00046
0.01159
-0.00041
0.00793
-0.01508
-0.00308
0.00346
-0.00241
-0.00375
-0.01175
0.00558
0.01558
0.02338
-0.04309
-0.03988
-0.06509
0.00224
-0.00776
0.01224
-0.03443
-0.04722
0.0109
0.01041
-0.05047
0.01211
-0.00577
-0.01177
-0.00977
-0.04844
-0.04244
-0.05311
-0.03844
-0.06669
-0.06111
-0.05978
-0.08178
-0.04378
-0.09245
-0.07045
-0.06427
-0.06112
-0.05191
-0.02179
-0.05512
-0.04379
-0.04058
-0.00286
0.00907
-0.02246
0.00559
0.01755
-0.00041
-0.00308
0.00092
-0.00308
0.00825
-0.01375
-0.00654
0.01378
0.00158
0.00558
-0.04151
-0.06709
-0.05477
-0.01176
0.00424
-0.05722
-0.00356
-0.05922
-0.04443
0.0369
-0.0031
0.0149
-0.02777
-0.02177
-0.02429
-0.01697
-0.06044
-0.00886
-0.06802
-0.05778
-0.05711
-0.06311
-0.06245
-0.04578
-0.10578
-0.062
-0.08245
-0.03512
-0.04512
-0.05579
-0.04991
-0.05379
-0.02979
0.00954
-0.00125
0.00154
0.00759
-0.00908
0.00559
0.00706
0.0044
-0.01108
-0.01579
0.01173
0.02358
0.00225
-0.00842
-0.05909
0.01354
-0.05109
-0.02176
0.00545
-0.01176
-0.03509
-0.06443
-0.04922
-0.03522
-0.00189
0.0209
-0.00977
-0.00377
0.0349
-0.01777
-0.03923
-0.04044
-0.03848
-0.06311
-0.04911
-0.07111
-0.06755
-0.06158
-0.06045
-0.07225
-0.06524
-0.06778
-0.02712
-0.03512
-0.05309
-0.05179
-0.02379
-0.04379
-0.00646
-0.01846
0.01154
-0.00241
-0.00641
0.00355
-0.01508
0.01892
-0.00975
-0.01308
-0.01775
-0.00827
0.00558
-0.00504
-0.03309
-0.03909
0.00681
-0.04709
-0.01976
-0.01255
-0.01976
-0.03643
0.0249
0.0129
-0.06243
0.0429
-0.05243
0.00019
-0.01981
-0.04911
-0.01577
-0.03444
-0.06111
-0.03444
-0.05244
-0.0539
-0.08578
-0.08578
-0.07845
-0.05445
-0.06128
-0.07845
-0.09312
-0.05512
-0.05179
-0.03759
-0.0325
-0.06321
-0.00446
-0.04183
-0.01523
-0.00041
0.00692
-0.00241
-0.00263
-0.00308
-0.02908
0.00425
0.01558
-0.00042
0.00225
0.01958
0.00625
-0.05509
-0.06089
-0.00776
-0.01976
-0.04588
-0.0086
-0.03469
-0.05843
-0.04122
0.0069
0.0209
-0.02777
0.0209
-0.03644
-0.01577
-0.00577
-0.01448
-0.03444
-0.06311
-0.0379
-0.06378
-0.07978
-0.04479
-0.06778
-0.06845
-0.07445
-0.07445
-0.07112
-0.05512
-0.03458
-0.04512
-0.00583
0.01354
-0.03379
-0.0085
0.00359
0.0035
0.00359
-0.00308
0.00359
-0.00508
-0.00908
-0.01375
-0.00367
0.00025
0.02158
0.02758
0.00349
-0.06188
-0.03909
-0.03709
-0.00176
-0.01176
0.01224
-0.06443
-0.06043
-0.05443
0.0229
0.01125
0.0149
-0.01777
-0.01177
-0.00256
-0.03444
-0.04444
-0.04287
-0.0639
-0.0579
-0.04511
-0.07178
-0.05778
-0.07445
-0.07845
-0.05578
-0.06045
-0.05712
-0.07916
-0.02912
-0.01379
-0.03183
-0.00979
-0.03846
-0.00415
-0.00046
0.00959
-0.00241
0.00959
-0.00508
-0.01108
-0.00775
0.00092
-0.00167
-0.00175
0.01758
0.02958
0.00758
-0.04909
-0.04709
-0.04509
-0.01455
-0.00976
0.00624
-0.05418
-0.05843
-0.04243
0.0069
0.0409
0.0169
-0.00977
-0.00777
-0.05244
-0.02092
-0.02844
-0.03448
-0.04911
-0.05778
-0.06311
-0.04315
-0.04857
-0.05378
-0.07324
-0.04045
-0.08445
-0.04312
-0.04912
-0.04689
-0.04291
-0.01179
-0.04779
-0.02246
-0.02846
-0.01041
0.00154
-0.00618
-0.00908
-0.02508
0.00559
-0.01375
-0.01145
-0.01685
-0.00775
0.00358
0.01558
-0.00121
-0.04109
-0.01576
-0.02909
-0.04909
-0.01976
0.00624
-0.04843
-0.06218
0.0189
-0.06243
0.0229
-0.02577
-0.01977
0.00886
-0.05244
-0.02244
-0.03644
-0.01177
-0.0619
-0.07711
-0.04911
-0.06124
-0.07178
-0.07257
-0.08645
-0.06578
-0.05445
-0.05712
-0.06224
-0.03979
-0.05312
-0.01892
-0.01846
-0.02421
-0.01246
-0.02446
0.01359
0.00359
-0.01708
0.00755
-0.00332
0.0004
-0.00775
0.00425
0.00021
-0.05709
-0.00242
0.01558
0.00558
-0.03509
-0.04309
-0.01176
0.00824
-0.06243
-0.05443
0.00224
-0.07033
0.0309
0.0049
-0.0011
0.00223
-0.02377
-0.04444
-0.04444
-0.03666
-0.05044
-0.06311
-0.07311
-0.06978
-0.0676
-0.04578
-0.05978
-0.05845
-0.05045
-0.06045
-0.05712
-0.05893
-0.01979
-0.05603
-0.02379
-0.02058
-0.01646
-0.00562
0.00675
0.01359
0.0088
-0.01508
0.00159
-0.00508
-0.009
-0.01375
0.00625
-0.00175
0.01758
0.01758
-0.05709
0.00158
-0.05509
-0.03376
-0.04588
-0.05334
-0.00376
-0.06043
-0.0043
-0.05843
0.0089
0.0109
-0.02748
0.0329
-0.01377
-0.05044
-0.03144
-0.00177
-0.03844
-0.03511
-0.0679
-0.04457
-0.07111
-0.06645
-0.07378
-0.07378
-0.06245
-0.06445
-0.06512
-0.04182
-0.04579
-0.05912
-0.05858
-0.03179
-0.03046
-0.01846
-0.01041
0.00759
-0.02646
-0.00908
-0.01108
0.01759
-0.00587
0.00284
0.00645
0.00279
0.00758
0.00352
-0.00975
-0.03709
-0.04509
-0.08243
-0.00776
-0.01576
-0.00976
-0.05909
-0.04443
-0.04206
0.0009
0.03638
-0.01177
-0.0111
-0.00377
-0.01377
-0.02244
-0.06444
-0.05915
-0.05763
-0.04323
-0.07111
-0.07578
-0.03178
-0.05857
-0.07045
-0.07025
-0.04645
-0.04112
-0.04312
-0.0427
-0.04312
-0.03579
-0.0537
-0.03246
-0.00811
0.00875
0.00355
-0.00402
-0.00041
0.00112
-0.00483
-0.00555
0.00292
-0.00675
-0.00454
0.01558
0.01642
0.01154
-0.04909
-0.03909
-0.03709
-0.00576
0.01224
-0.02976
-0.03922
-0.06243
-0.05443
0.0109
0.0109
-0.02177
-0.02955
-0.04844
-0.03177
0.01574
-0.05044
-0.05111
-0.02044
-0.05111
-0.05978
-0.05978
-0.05511
-0.04778
-0.07296
-0.06245
-0.06179
-0.05912
-0.02438
-0.05516
-0.06791
-0.03179
-0.02246
-0.03428
-0.00441
-0.01441
0.01759
0.00354
-0.00646
-0.02285
-0.01175
-0.02375
-0.00175
-0.00442
-0.0136
-0.01688
0.01958
0.01758
-0.04909
-0.00372
-0.05653
-0.01147
-0.04509
-0.01976
-0.06643
-0.05843
-0.04043
0.0229
0.0209
-0.02577
0.0229
-0.02177
-0.05244
0.00235
-0.03479
-0.01921
-0.04244
-0.06311
-0.0599
-0.07146
-0.05978
-0.07245
-0.06645
-0.06978
-0.04912
-0.07245
-0.06391
-0.07512
-0.02779
-0.05179
-0.01646
0.00675
-0.02979
-0.01041
0.00091
0.00559
0.00559
-0.01508
0.00492
-0.01108
0.00025
0.00025
-0.00175
0.01558
0.00158
0.00158
-0.05709
-0.05909
-0.03709
-0.0098
-0.02576
-0.00776
-0.04243
-0.05843
-0.04043
0.0049
0.02286
-0.02177
0.0229
-0.01177
-0.01177
-0.04844
-0.0376
-0.05311
-0.05624
-0.07511
-0.06657
-0.04511
-0.03578
-0.06045
-0.04582
-0.06845
-0.02645
-0.04512
-0.04112
-0.05903
-0.02779
-0.01979
-0.03979
0.00588
0.01754
-0.00246
-0.00441
0.01358
-0.00508
0.00107
-0.01908
0.00025
-0.00508
-0.02179
-0.01022
0.01158
0.01958
-0.05109
0.03358
-0.05309
-0.04709
-0.00176
0.00224
-0.01376
-0.06209
-0.06643
-0.04922
-0.0071
0.0269
0.0229
-0.02377
-0.01377
-0.06044
-0.00444
-0.00656
-0.06444
-0.06111
-0.05911
-0.04111
-0.05978
-0.06978
-0.04578
-0.04845
-0.05445
-0.07445
-0.07712
-0.03312
-0.05492
-0.02979
-0.04179
-0.04979
-0.00646
-0.01241
-0.02414
0.02354
0.00359
-0.00308
-0.00441
-0.00708
-0.01308
-0.00355
-0.01979
0.01625
0.00958
0.00958
0.03468
-0.05509
-0.07909
-0.02976
-0.04909
-0.03176
-0.01776
-0.06295
-0.07843
0.0029
0.0291
-0.05243
0.0189
0.00223
0.00023
-0.01244
-0.01977
-0.04444
-0.05511
-0.01923
-0.051
-0.04291
-0.03778
-0.04178
-0.06524
-0.05778
-0.07045
-0.04112
-0.02245
-0.05991
-0.04512
-0.02779
-0.02783
-0.00246
-0.04979
-0.01246
-0.00525
0.00959
0.0048
-0.01908
0.00359
-0.01708
0.00213
-0.01375
0.01225
0.01958
0.01625
0.00758
0.0158
-0.04509
-0.05909
-0.04909
0.00624
0.00424
-0.05643
-0.01776
-0.0562
-0.04291
0.0069
0.0249
0.0249
-0.01977
-0.01977
-0.01256
-0.04844
-0.03844
-0.05016
-0.04111
-0.04311
-0.06711
-0.06225
-0.06307
-0.05978
-0.08705
-0.05445
-0.06845
-0.06112
-0.05391
-0.03912
-0.05458
-0.04379
-0.04058
-0.02646
0.00954
0.00154
0.00159
0.01268
-0.00908
-0.00708
0.00555
-0.01708
-0.00375
-0.01175
0.01958
-0.00434
-0.01375
0.01558
-0.05309
-0.03509
-0.04309
-0.00976
-0.01976
-0.04643
-0.07043
-0.00776
0.0129
-0.03043
0.0049
0.0389
-0.02377
-0.0243
0.00423
-0.05044
-0.02523
-0.04448
-0.07311
-0.08151
-0.08378
-0.05578
-0.05758
-0.0539
-0.07445
-0.05845
-0.06645
-0.05112
-0.03512
-0.05991
-0.0347
-0.03579
-0.02571
-0.00446
-0.01046
0.02275
0.01159
0.0028
0.00359
-0.01508
-0.01112
0.01425
-0.00669
-0.00254
-0.00175
0.00358
0.00558
0.00958
-0.06109
-0.03509
-0.05313
0.01224
-0.06643
0.00024
0.00024
-0.07643
-0.02643
0.0369
0.0129
-0.0011
-0.02056
-0.00177
-0.01177
-0.03644
-0.03244
-0.04244
-0.04311
-0.05111
-0.04291
-0.07551
-0.05978
-0.06978
-0.07652
-0.06045
-0.06512
-0.05045
-0.03934
-0.04892
-0.05179
0.00875
-0.02379
0.00154
-0.03246
-0.01579
-0.01441
0.01159
-0.00041
0.00425
-0.02708
-0.00775
-0.01508
0.00292
0.00025
0.01558
-0.05109
-0.02709
0.00679
0.01358
-0.04709
-0.01067
-0.02356
-0.04443
-0.00733
-0.07221
-0.06043
0.0109
0.0249
0.0309
-0.00777
-0.03644
-0.04844
-0.01977
-0.07111
-0.03644
-0.00777
-0.08578
-0.05155
-0.07111
-0.05978
-0.04045
-0.05827
-0.07045
-0.04712
-0.06645
-0.05512
-0.05961
-0.04779
-0.03422
-0.02979
-0.00046
-0.01646
0.01959
-0.01646
0.01959
-0.01108
0.01959
-0.00508
-0.00787
-0.01654
-0.00975
0.00358
0.00958
0.01025
-0.00042
-0.03588
-0.02909
-0.02176
-0.00376
-0.01176
-0.06043
-0.04843
-0.05509
-0.04322
0.01211
0.03611
-0.04769
0.0229
-0.02781
-0.01777
-0.04044
-0.03648
-0.04244
-0.05511
-0.03711
-0.06763
-0.03378
-0.06778
-0.06879
-0.06045
-0.06445
-0.06306
-0.06445
-0.06312
-0.05379
-0.03504
-0.05383
-0.01379
-0.00438
-0.01646
-0.04446
-0.00441
-0.00241
0.0188
-0.01308
-0.0193
0.00492
-0.01775
-0.01375
0.02558
-0.00955
0.01279
0.01958
-0.05509
-0.06025
-0.04309
-0.00576
-0.01776
-0.00776
-0.06729
-0.05623
-0.04843
-0.00358
0.0009
-0.02177
-0.02377
-0.01977
0.0249
-0.02644
-0.04644
-0.03244
-0.06711
-0.06365
-0.07178
-0.05111
-0.04978
-0.04845
-0.03896
-0.05178
-0.06512
-0.05769
-0.04791
-0.05201
-0.07979
-0.01379
-0.01258
-0.01246
-0.00446
0.00154
