0.19414
0.11177
0.1111
0.2031
0.1887
0.1151
0.11911
0.11759
0.19415
0.1191
0.1271
0.11513
0.20991
0.1951
0.2012
0.11909
0.1943
0.1111
0.1151
0.18342
0.1231
0.1991
0.18158
0.1854
0.19111
0.11001
0.1111
0.1134
0.18992
0.19211
0.1151
0.1172
0.1711
0.19254
0.11111
0.20773
0.11584
0.1151
0.11015
0.19349
0.17815
0.18784
0.1151
0.1111
0.11111
0.11259
0.20144
0.1911
0.20229
0.1231
0.1191
0.18545
0.1871
0.2031
0.11983
0.10936
0.11877
0.1951
0.20169
0.18567
0.1231
0.18851
0.11932
0.1911
0.10732
0.1151
0.2052
0.11911
0.18705
0.18148
0.20424
0.1191
0.11511
0.10711
0.11111
0.1991
0.19511
0.1231
0.1172
0.1932
0.11111
0.1831
0.2031
0.1271
0.18813
0.1092
0.11504
0.19815
0.18313
0.20711
0.11152
0.10122
0.17911
0.10538
0.17593
0.18304
0.11111
0.1031
0.11739
0.19568
0.18711
0.11036
0.12311
0.19511
0.12153
0.18614
0.18438
0.19511
0.11111
0.12411
0.18159
0.1151
0.20166
0.10711
0.18402
0.11337
0.10863
0.19511
0.2172
0.18538
0.12958
0.1871
0.10945
0.1271
0.19912
0.20558
0.1174
0.1231
0.19111
0.1892
0.11358
0.1812
0.1191
0.1191
0.12312
0.18966
0.18109
0.18892
0.1191
0.11598
0.1111
0.17111
0.19149
0.11373
0.17111
0.1191
0.11738
0.19104
0.18705
0.1911
0.1231
0.1198
0.11288
0.1991
0.17511
0.11133
0.2071
0.1271
0.1294
0.18958
0.18548
0.18762
0.12333
0.1151
0.1111
0.1951
0.2031
0.19911
0.1151
0.1111
0.1191
0.1911
0.19747
0.11904
0.1936
0.1151
0.1151
0.2031
0.1831
0.18168
0.14381
0.1311
0.15109
0.2487
0.2551
0.22952
0.1351
0.2271
0.14731
0.1471
0.23803
0.23152
0.1351
0.1471
0.15109
0.24709
0.2231
0.24709
0.1391
0.15109
0.1391
0.23779
0.2431
0.24709
0.1311
0.1471
0.14972
0.2271
0.24952
0.13909
0.2471
0.14309
0.15109
0.24024
0.2351
0.22521
0.14309
0.15109
0.14963
0.2351
0.2391
0.23909
0.15359
0.14709
0.14887
0.2351
0.2311
0.2311
0.1431
0.1391
0.13589
0.2431
0.22616
0.1431
0.2551
0.13845
0.1511
0.23909
0.2311
0.1431
0.23504
0.1334
0.14709
0.2391
0.238
0.1471
0.22541
0.1431
0.14953
0.2191
0.2471
0.2311
0.1391
0.15132
0.21513
0.2351
0.23509
0.1431
0.1431
0.1511
0.2391
0.1452
0.2231
0.13931
0.1551
0.15109
0.2431
0.2391
0.2311
0.1311
0.23964
0.1471
0.2271
0.1492
0.2351
0.2311
0.14309
0.14351
0.14553
0.2311
0.25561
0.1471
0.24215
0.14572
0.13338
0.22545
0.24354
0.24915
0.1391
0.24351
0.2431
0.14562
0.14411
0.14704
0.24591
0.1471
0.24968
0.13911
0.2471
0.25907
0.14953
0.13911
0.1431
0.23956
0.1333
0.22711
0.25006
0.1511
0.1511
0.2311
0.1511
0.2631
0.2311
0.23857
0.1435
0.1511
0.2511
0.2431
0.1551
0.23111
0.1471
0.15113
0.2471
0.24213
0.1294
0.14304
0.22953
0.14311
0.25127
0.14959
0.2511
0.1471
0.2311
0.24533
0.14751
0.25152
0.1311
0.1471
0.14311
0.2391
0.1431
0.23564
0.2551
0.1391
0.1431
0.25552
0.2431
0.2471
0.13339
0.1471
0.14559
0.21911
0.2511
0.1431
0.25006
0.1471
0.2391
0.1471
0.2271
0.2471
0.1671
0.16853
0.1791
0.27351
0.17109
0.28709
0.27509
0.17109
0.17909
0.2831
0.29321
0.29509
0.1631
0.17909
0.17509
0.27109
0.28159
0.29359
0.2791
0.17509
0.17509
0.1591
0.2791
0.28302
0.1631
0.16951
0.2631
0.17109
0.2795
0.28709
0.1591
0.1671
0.28709
0.28552
0.16309
0.26709
0.1711
0.16713
0.16121
0.2751
0.28678
0.1631
0.17109
0.26709
0.2751
0.17509
0.28709
0.17509
0.17109
0.27909
0.28921
0.16709
0.2671
0.1751
0.28309
0.18709
0.2711
0.1751
0.29109
0.1711
0.28709
0.15963
0.2711
0.17622
0.26303
0.1631
0.28548
0.1751
0.16921
0.2791
0.2831
0.2951
0.15744
0.1711
0.18559
0.2751
0.2751
0.2871
0.16552
0.17126
0.16146
0.2791
0.2711
0.16711
0.2911
0.1671
0.17509
0.27352
0.2791
0.2871
0.15992
0.1711
0.2791
0.28529
0.17113
0.28598
0.1671
0.1631
0.1671
0.2715
0.2791
0.16121
0.28552
0.1791
0.16959
0.2776
0.2751
0.2751
0.1751
0.1711
0.2591
0.1791
0.2791
0.2791
0.1711
0.1711
0.1671
0.2911
0.2791
0.1591
0.2751
0.1711
0.17109
0.27171
0.1671
0.29509
0.1631
0.27617
0.1671
0.27025
0.1711
0.27903
0.16752
0.27008
0.27904
0.1631
0.29759
0.1591
0.1831
0.28703
0.16553
0.28133
0.26948
0.28552
0.1591
0.16309
0.1791
0.2711
0.2831
0.17509
0.1711
0.25511
0.1791
0.28709
0.2751
0.2671
0.16322
0.16946
0.2831
0.28159
0.16145
0.2911
0.1631
0.16959
0.27504
0.17109
0.2791
0.1711
0.2791
0.16546
0.16956
0.27353
0.2751
0.1671
0.1751
0.2751
0.17422
0.27759
0.2791
0.28946
